# # t F(afterglowpy) F(our) | flux in mJy, time in days
1.000000000000000000e+04 3.693197728856326134e-02 1.969958081812315034e-02
1.031283160672184749e+04 3.588889648652235365e-02 1.919983559258078842e-02
1.063544957486011117e+04 3.487522782366121038e-02 1.870318536345099911e-02
1.096816005273138035e+04 3.389023206594115462e-02 1.822604031443562575e-02
1.131127876593921428e+04 3.293323573564443246e-02 1.774793322488990577e-02
1.166513131698196230e+04 3.200352394360508890e-02 1.729437858849752069e-02
1.203005349423324151e+04 3.110039930983940146e-02 1.683680422933623438e-02
1.240639159058831865e+04 3.021413947873324152e-02 1.640605788692024378e-02
1.279450273207873397e+04 2.935021552220330038e-02 1.597778245877222100e-02
1.319475521676706012e+04 2.850878652467462443e-02 1.557242072397877798e-02
1.360752886424333155e+04 2.768782023103793719e-02 1.516720949883258035e-02
1.403321537605484627e+04 2.688867255880901530e-02 1.477891140839079909e-02
1.447221870741134444e+04 2.614322552988448262e-02 1.439577903576951326e-02
1.492495545051829140e+04 2.535101791098432963e-02 1.401854134037038707e-02
1.539185522990205391e+04 2.461161612403133317e-02 1.365661258260579200e-02
1.587336111010208697e+04 2.389279935475028399e-02 1.329350153024418286e-02
1.636993001611701948e+04 2.318581921680320374e-02 1.294647172151455923e-02
1.688203316700362848e+04 2.249923706392121386e-02 1.260197875700374941e-02
1.741015652304015384e+04 2.183144123758085087e-02 1.226862803362563023e-02
1.795480124687830539e+04 2.117787180214450449e-02 1.194630013453151958e-02
1.851648417912154036e+04 2.054058628232932268e-02 1.162671598842912428e-02
1.909573832878096800e+04 1.991904303345666538e-02 1.132656481345364029e-02
1.969311337907421694e+04 1.931412311683515168e-02 1.102944387363672708e-02
2.030917620904734940e+04 1.871838656424228489e-02 1.073817130633299838e-02
2.094451143151468932e+04 1.813954149366277246e-02 1.045755853757792710e-02
2.159972194782717270e+04 1.757719662232899022e-02 1.017887189280992227e-02
2.227542951999556317e+04 1.701982534686828641e-02 9.908146626571606719e-03
2.297227536071151189e+04 1.647739151909340463e-02 9.645270715540041340e-03
2.369092074182632132e+04 1.594847233246906443e-02 9.384662978761974458e-03
2.443204762186486914e+04 1.542364385820366342e-02 9.133147223426306416e-03
2.519635929317013506e+04 1.491184512727612883e-02 8.889193633420902629e-03
2.598458104929247202e+04 1.439948363643780635e-02 8.647115310823799347e-03
2.679746087325689587e+04 1.389017843829691394e-02 8.413546876463430524e-03
2.763577014736157435e+04 1.339881385057239103e-02 8.191065751218714816e-03
2.850030438518105075e+04 1.292475976591996208e-02 7.974479280004201712e-03
2.939188398646884161e+04 1.246740396697936480e-02 7.759622518927707970e-03
3.031135501567576284e+04 1.202615768975130554e-02 7.551060855102229540e-03
3.125959000482277770e+04 1.160046364484475581e-02 7.348470758240896461e-03
3.223748878149026859e+04 1.118976952926234447e-02 7.150992175004628089e-03
3.324597932270938327e+04 1.079355030874874777e-02 6.956699624896896597e-03
3.428601863556582975e+04 1.041130001031724192e-02 6.766836820071835991e-03
3.535859366535175650e+04 1.004252459316957655e-02 6.581558328614098979e-03
3.646472223212745303e+04 9.686748896255250804e-03 6.401566276499190758e-03
3.760545399658168026e+04 9.343522556588684802e-03 6.225869243637825387e-03
3.878187145610719745e+04 9.012397948950820817e-03 6.055447498642638725e-03
3.999509097203669808e+04 8.692950837332475561e-03 5.890632127808945531e-03
4.124626382901347824e+04 8.384769148702791650e-03 5.731101169347200923e-03
4.253657732750391733e+04 8.087459029647088571e-03 5.575515730193949214e-03
4.386725591048494243e+04 7.800635512980137742e-03 5.423444433646105491e-03
4.523956232538058248e+04 7.523931684569506312e-03 5.274936827450696537e-03
4.665479882234468096e+04 7.256990387233827958e-03 5.130146932638890087e-03
4.811430839003264555e+04 6.999468975224485377e-03 4.988827344843712111e-03
4.961947603002897813e+04 6.750332524528584142e-03 4.850784429606304869e-03
5.117173007114609936e+04 6.510688717734885132e-03 4.716287537188435658e-03
5.277254352483532421e+04 6.279558997135710127e-03 4.585075647307215729e-03
5.442343548300272232e+04 6.056622273417592607e-03 4.457121935881430165e-03
5.612597255954965658e+04 5.841973489004017271e-03 4.332447979184910793e-03
5.788177037701279914e+04 5.634413387469719078e-03 4.211928954800818470e-03
5.969249509970739746e+04 5.434183292463044650e-03 4.095879998391416602e-03
6.155986501483514439e+04 5.241028968808334777e-03 3.982744875744034449e-03
6.348565216305223294e+04 5.054698685228808420e-03 3.872318402745660634e-03
6.547168402004743257e+04 4.874951607294115800e-03 3.764408787766605757e-03
6.751984523072508455e+04 4.701557741731711947e-03 3.659133217181188575e-03
6.963207939763889590e+04 4.534290724354054017e-03 3.556563329855983238e-03
7.181039092537356191e+04 4.372935052085748578e-03 3.456347619763886717e-03
7.405684692262441968e+04 4.217281348597700860e-03 3.358641347247591676e-03
7.637357916378027585e+04 4.067127263829573014e-03 3.263301498425968169e-03
7.876278611187063507e+04 3.922278615101418113e-03 3.170470929339436889e-03
8.122673500479719951e+04 3.782546691430713377e-03 3.080125411314978134e-03
8.376776400682923850e+04 3.647750435328486317e-03 2.992242193099978274e-03
8.638828442740453465e+04 3.517713229256779362e-03 2.907631901948721370e-03
8.909078300934142317e+04 3.392266486604364993e-03 2.825587089914286150e-03
9.187782428863340465e+04 3.271245555780552105e-03 2.745400719681548134e-03
9.475205302806547843e+04 3.154492134006901122e-03 2.667230469416708664e-03
9.771619672696181806e+04 3.041775282405381666e-03 2.591083277462762936e-03
1.007730682094461808e+05 2.933129269722799248e-03 2.516663635678668704e-03
1.039255682936713129e+05 2.828305208100190867e-03 2.443873684360033105e-03
1.071766885445503431e+05 2.727162104228294821e-03 2.372804132257585585e-03
1.105295141126022063e+05 2.629563809276678349e-03 2.303464405096957573e-03
1.139872266616052511e+05 2.535378256407934839e-03 2.235906965357560127e-03
1.175531073878369934e+05 2.444431914890100258e-03 2.170114060884237219e-03
1.212305401337652875e+05 2.356691678754642937e-03 2.105978607093230391e-03
1.250230145991455938e+05 2.272000156408143963e-03 2.044001477260493863e-03
1.289341296525715734e+05 2.190242225315775816e-03 1.983851071570359465e-03
1.329675967466212751e+05 2.111303922473523054e-03 1.925227155590992405e-03
1.371272434398400947e+05 2.035075224672502729e-03 1.867958686922825120e-03
1.414170170289023954e+05 1.961449484068312869e-03 1.811609898344429927e-03
1.458409882943986449e+05 1.890345895142381966e-03 1.756601351336427395e-03
1.504033553638025187e+05 1.821606371676425667e-03 1.702768152966416130e-03
1.551084476952840632e+05 1.755162187784078433e-03 1.649855226890948722e-03
1.599607301861487795e+05 1.690917332722166339e-03 1.598218020722351343e-03
1.649648074098020734e+05 1.628775114564164203e-03 1.547613301070095270e-03
1.701254279852589243e+05 1.568642038689587858e-03 1.497929322250467687e-03
1.754474890833459795e+05 1.510426930395428928e-03 1.449381694591896823e-03
1.809360410738716600e+05 1.454040629946541522e-03 1.401925026761832596e-03
1.865962923181745864e+05 1.399396553850697092e-03 1.356036662225849811e-03
1.924336141115979990e+05 1.346409335864538238e-03 1.310734180034667110e-03
1.984535457805803162e+05 1.294998413478920269e-03 1.266332666962778847e-03
2.046617999391989724e+05 1.245084525068899202e-03 1.222435107945306788e-03
2.110642679101554677e+05 1.196592447481962954e-03 1.179325990319312397e-03
2.176670253153459053e+05 1.149450630815825134e-03 1.136771246129703820e-03
2.244763378413223836e+05 1.103591578625258722e-03 1.094916940707645493e-03
2.314986671851160936e+05 1.058952409021442958e-03 1.053741125289736884e-03
2.387406771860647132e+05 1.015475888332153988e-03 1.013233836624460350e-03
2.462092401494625374e+05 9.731095626293469712e-04 9.734568387679840354e-04
2.539114433680346992e+05 9.318078130947466883e-04 9.343285338999511623e-04
2.618545958474232757e+05 8.915315218933505701e-04 8.961345370355045361e-04
2.700462352420681855e+05 8.522482190111619650e-04 8.590377694120383085e-04
2.784941350080644479e+05 8.139329681588906894e-04 8.226739209971899733e-04
2.872063117797828163e+05 7.765673926165774128e-04 7.870272138484452843e-04
2.961910329772553523e+05 7.401403147109695494e-04 7.521489729295379421e-04
3.054568246515431674e+05 7.045719073968863353e-04 7.180395581979856241e-04
3.150124795755327796e+05 6.700913373830715046e-04 6.847176111912255028e-04
3.248670655878374819e+05 6.364772482160115314e-04 6.523059531552578968e-04
3.350299341977229924e+05 6.038143717641519500e-04 6.208136363079663940e-04
3.455107294592218241e+05 5.721157173006062753e-04 5.902701450795749252e-04
3.563193971228583832e+05 5.413962095287054533e-04 5.607581844062893518e-04
3.674661940736687975e+05 5.116735752574955338e-04 5.322146943315220029e-04
3.789616980644715950e+05 4.829640828241547673e-04 5.048403604676630950e-04
3.908168177536264411e+05 4.552859605670396895e-04 4.787146539916752519e-04
4.030428030568050453e+05 4.286525723151497140e-04 4.536284583536706930e-04
4.156512558225988178e+05 4.030769135529914892e-04 4.294809107918146226e-04
4.286541408420925145e+05 3.785664667835038789e-04 4.063830842334484111e-04
4.420637972028530203e+05 3.551252122807101261e-04 3.842338838227128163e-04
4.558929499981059344e+05 3.327546523327399013e-04 3.630808884086495435e-04
4.701547224022129667e+05 3.114464949395249647e-04 3.428241649957676821e-04
4.848626481239077984e+05 2.911918796613045704e-04 3.235217388466292854e-04
5.000306842491090065e+05 2.719761920045809622e-04 3.051532944139449485e-04
5.156732244854963501e+05 2.537771276291040691e-04 2.876580523679719815e-04
5.318051128214197233e+05 2.365738954356384110e-04 2.711124072997903056e-04
5.484416576121015241e+05 2.203381460923962542e-04 2.554993717213807961e-04
5.655986461065001786e+05 2.050375526796900541e-04 2.408578564559073351e-04
5.832923594286199659e+05 1.906412206880054336e-04 2.269954533667494878e-04
6.015395880274833180e+05 1.771110863528246632e-04 2.138155791786069959e-04
6.203576476104268804e+05 1.644178309975267939e-04 2.013174369322063824e-04
6.397643955748423468e+05 1.525101245512869698e-04 1.895225469802891253e-04
6.597782479539533379e+05 1.413528725915017925e-04 1.783503394597380409e-04
6.804181968927093549e+05 1.309155772181617528e-04 1.677729036058234180e-04
7.017038286703822669e+05 1.211574916591354883e-04 1.577997289933379696e-04
7.236553422869649949e+05 1.120363007005352414e-04 1.483668451558784233e-04
7.462935686310129240e+05 1.035180454127638481e-04 1.394168198123565722e-04
7.696399902471150272e+05 9.556937413586357214e-05 1.309786849189595120e-04
7.937167617217558436e+05 8.814794018495145285e-05 1.231256669837678831e-04
8.185467307069021044e+05 8.123236078089961893e-05 1.158309512180418546e-04
8.441534596012993716e+05 7.478251417413602430e-05 1.089275508213632753e-04
8.705612479099855991e+05 6.876763836202158281e-05 1.024274115602244586e-04
8.977951553033331875e+05 6.316795838524990432e-05 9.630248453646410691e-05
9.258810253973945510e+05 5.794235289776281241e-05 9.051634467268879919e-05
9.548455102782303002e+05 5.308713794049071022e-05 8.503354002046527250e-05
9.847160957933764439e+05 4.864667750077076414e-05 7.986216600268759098e-05
1.015521127634569188e+06 4.457900157456160190e-05 7.500981180250580564e-05
1.047289838236357435e+06 4.085545199708951765e-05 7.044849834520067742e-05
1.080052374516254058e+06 3.745625732491441673e-05 6.615049002021468078e-05
1.113839826482618228e+06 3.435435219897828464e-05 6.207931160065501409e-05
1.148684256737554679e+06 3.147257516090292665e-05 5.830680989073073339e-05
1.184618730902682291e+06 2.888865966636644517e-05 5.480229241654592802e-05
1.221677348996793153e+06 2.647717218218623083e-05 5.149921888309939237e-05
1.259895277795025846e+06 2.427129156980961552e-05 4.837967073305262777e-05
1.299308784200417111e+06 2.225854316484235720e-05 4.542735946483190084e-05
1.339955269659337122e+06 2.042194818092621015e-05 4.265695407440694097e-05
1.381873305653633550e+06 1.874590920940908664e-05 4.006452098019752824e-05
1.425102670302996412e+06 1.721970035357304021e-05 3.762331867839679051e-05
1.469684386112447362e+06 1.576118563756799770e-05 3.531718128682551799e-05
1.515660758900601184e+06 1.449368132376668843e-05 3.313321118874570004e-05
1.563075417945817346e+06 1.327581325872817690e-05 3.106755565445690730e-05
1.611973357388155535e+06 1.222230461113799412e-05 2.913844296568856185e-05
1.662400978926613461e+06 1.120666145712605719e-05 2.736717636527116661e-05
1.714406135851968545e+06 1.027796727854965640e-05 2.571138100018335946e-05
1.768038178457208676e+06 9.430781248565717358e-06 2.415404170248538056e-05
1.823348000868438510e+06 8.670942542137839170e-06 2.267876677161754237e-05
1.880388089340916602e+06 7.966752340569305260e-06 2.128089356260146791e-05
1.939212572065826971e+06 7.311719358868529733e-06 1.996917844375732708e-05
1.999877270535286982e+06 6.725161135208828083e-06 1.873770828425891781e-05
2.062439752514088526e+06 6.191955198583871322e-06 1.758015091983945898e-05
2.126959386668691877e+06 5.704687678223326350e-06 1.649061195656112194e-05
2.193497398905055597e+06 5.241119021969611279e-06 1.546350055745912029e-05
2.262116930469026323e+06 4.818016441983418910e-06 1.449442938290320960e-05
2.332883097864153329e+06 4.450937220763766159e-06 1.359411263503951852e-05
2.405863054644066840e+06 4.082057265224560866e-06 1.276403542171902314e-05
2.481126055137765128e+06 3.778400618441464278e-06 1.198317364839839857e-05
2.558743520168588962e+06 3.470388533839139514e-06 1.124758498989942635e-05
2.638789104828934651e+06 3.217226126634608088e-06 1.055355506301857734e-05
2.721338768375308719e+06 2.962309809634954429e-06 9.897589127548912877e-06
2.806470846309838817e+06 2.728497405157805643e-06 9.277515556821902117e-06
2.894266124716751743e+06 2.533570303514100436e-06 8.698139845770716343e-06
2.984807916924327612e+06 2.344457573326775466e-06 8.157657108909008333e-06
3.078182142565079965e+06 2.165649980260339917e-06 7.649893710152916198e-06
3.174477409109193366e+06 2.001815748542582620e-06 7.171711373091352449e-06
3.273785095948576927e+06 1.851584256524487507e-06 6.720645584009474751e-06
3.376199441111340187e+06 1.722266252688149246e-06 6.302013098417864061e-06
3.481817630688966252e+06 1.602485844439702436e-06 5.908942595309145758e-06
3.590739891061055008e+06 1.484758544747006325e-06 5.539814601794655620e-06
3.703069584005141165e+06 1.376273195333122094e-06 5.194838797537303312e-06
3.818913304781854153e+06 1.276641521933504358e-06 4.872637832766936412e-06
3.938380983288488816e+06 1.184714188325817441e-06 4.570690112006536392e-06
4.061585988376979716e+06 1.100014459195201168e-06 4.286235163488839134e-06
4.188645235435271170e+06 1.021915197946108567e-06 4.017703602226085615e-06
4.319679297334173694e+06 9.498647755371529516e-07 3.763626866380248866e-06
4.454812518844988197e+06 8.833452855726498866e-07 3.523454769723042097e-06
4.594173134636476636e+06 8.218991729205324133e-07 3.298455006257048559e-06
4.737893390963143669e+06 7.651055403496027585e-07 3.088464920405272194e-06
4.886109671160326339e+06 7.124870158213113831e-07 2.896557169993861336e-06
5.038962625065150671e+06 6.638912640779296552e-07 2.716910828538091742e-06
5.196597302486197092e+06 6.188949066103752908e-07 2.548195958240650070e-06
5.359163290848514996e+06 5.772202973722836810e-07 2.389297007315003066e-06
5.526814857144603506e+06 5.380437924851292368e-07 2.239272293129864199e-06
5.699711094326075166e+06 5.000634041306382146e-07 2.097744812562242446e-06
5.878016072274912149e+06 4.649111909462899364e-07 1.964796743001371302e-06
6.061898993497571908e+06 4.343752698343753566e-07 1.839990210475370158e-06
6.251534353689711541e+06 4.059662611131696013e-07 1.722897586556303692e-06
6.447102107323869132e+06 3.796211984738481362e-07 1.613105015926404321e-06
6.648787838417262770e+06 3.551334175720065225e-07 1.510283387043508429e-06
6.856782936641737819e+06 3.323599325400930998e-07 1.414350835694935920e-06
7.071284778942996636e+06 3.109580717827196583e-07 1.326451876074598667e-06
7.292496916841444559e+06 2.892368311056685846e-07 1.243708569838350126e-06
7.520629269592407160e+06 2.704439668423939251e-07 1.165696484114255077e-06
7.755898323389001191e+06 2.534809489326223593e-07 1.092190947690744128e-06
7.998527336796708405e+06 2.376980881461713279e-07 1.022972238952448182e-06
8.248746552614580840e+06 2.229615198410192090e-07 9.578257335321232774e-07
8.506793416364153847e+06 2.092157433029552894e-07 8.965577101218322764e-07
8.772912801613356918e+06 1.952246240304168361e-07 8.395521860315523601e-07
9.047357242349293083e+06 1.826929926066821117e-07 7.867196629929169929e-07
9.330387172620359808e+06 1.716288923064637331e-07 7.372481788659179396e-07
9.622271173675134778e+06 1.612773744296733996e-07 6.904869083356087917e-07
9.923286228832544759e+06 1.516053696890557193e-07 6.464316997974882641e-07
1.023371798632519133e+07 1.425532300715285508e-07 6.057611555270578872e-07
1.055386103036523052e+07 1.333307310284514875e-07 5.673268604370631545e-07
1.088401916069005430e+07 1.250257781692655181e-07 5.310232837070046871e-07
1.122450568085305952e+07 1.176810386824071828e-07 4.971225774343587317e-07
1.157564369553303532e+07 1.108070339307222987e-07 4.662727357350181610e-07
1.193776641714435816e+07 1.043629776587963808e-07 4.376062354316578499e-07
1.231121748203892075e+07 9.832063265590509710e-08 4.103854215359261866e-07
1.269635127659972757e+07 9.256372104178323660e-08 3.845557383471359080e-07
1.309353327353612147e+07 8.670672599029289204e-08 3.600624713058950166e-07
1.350314037869872153e+07 8.164303518948639864e-08 3.368508615075666549e-07
1.392556128874464706e+07 7.700862586133255860e-08 3.148662028467024457e-07
1.436119685999077372e+07 7.265707765415872909e-08 2.942722658110972681e-07
1.481046048880676925e+07 6.857006647546814006e-08 2.761347253271722056e-07
1.527377850390712358e+07 6.473072264342238303e-08 2.595471158343508870e-07
1.575159057091624476e+07 6.111864757475040417e-08 2.437206055113828398e-07
1.624435010958865471e+07 5.772417773493301517e-08 2.286312041303825936e-07
1.675252472408217192e+07 5.453338682348279093e-08 2.142543808857747083e-07
1.727659664669034630e+07 5.153341047064330955e-08 2.005651306637714049e-07
1.781706319545732439e+07 4.862086630060539477e-08 1.875380331715916255e-07
1.837443724610724673e+07 4.589830236755971898e-08 1.754090848126900952e-07
1.894924771873823553e+07 4.336446185302875114e-08 1.648751984628951967e-07
1.954204007974051312e+07 4.100689272864979929e-08 1.549546742568988283e-07
2.015337685941735283e+07 3.881104536435471664e-08 1.454573118628954060e-07
2.078383818579755351e+07 3.676634836523925514e-08 1.363723401111839676e-07
2.143402233514858782e+07 3.486273742046491644e-08 1.276884740864398153e-07
2.210454629971019179e+07 3.303641016792751490e-08 1.194432658023059826e-07
2.279604637318982184e+07 3.128247662049656763e-08 1.116922913808371323e-07
2.350917875457284227e+07 2.962844385506103415e-08 1.048602767345647290e-07
2.424462017082330585e+07 2.806649165350182946e-08 9.878898080832309716e-08
2.500306851906321198e+07 2.659311401946949756e-08 9.294407375925759813e-08
2.578524352884276584e+07 2.520301175686020623e-08 8.732179691952548829e-08
2.659188744512690976e+07 2.388968443898491920e-08 8.191799850631398268e-08
2.742376573264952376e+07 2.271419095660232860e-08 7.672814956196086731e-08
2.828166780230029300e+07 2.162693674588162776e-08 7.174735959194147676e-08
2.916640776023706794e+07 2.051057293836420867e-08 6.721682276885651964e-08
3.007882518043095991e+07 1.945661000634000675e-08 6.337192959688824978e-08
3.101978590138100088e+07 1.846572528101824460e-08 5.965889485530372537e-08
3.199018284775060788e+07 1.763303685482543335e-08 5.607351203305736626e-08
3.299093687770942599e+07 1.673512005092136673e-08 5.261447277287113844e-08
3.402299765678064525e+07 1.588598987315915631e-08 4.928020395895196355e-08
3.508734455902715027e+07 1.517819618176807407e-08 4.612803694467575493e-08
3.618498759642742574e+07 1.441186188979699607e-08 4.331573781027752855e-08
3.731696837732755393e+07 1.377210880274812142e-08 4.091052216572048208e-08
3.848436109487425536e+07 1.308107564116885759e-08 3.857437042383220913e-08
3.968827354637166113e+07 1.247302304934821988e-08 3.630736848983878313e-08
4.092984818452434242e+07 1.187811754389521101e-08 3.410943726251431208e-08
4.221026320156902820e+07 1.135340195994648033e-08 3.198033303656373502e-08
4.353073364731883258e+07 1.078999208473316432e-08 2.992228636396898545e-08
4.489251258218607306e+07 1.031500836277065146e-08 2.823406643069834465e-08
4.629689226627258211e+07 9.806097398572932992e-09 2.666345524781077283e-08
4.774520538566131145e+07 9.375585181599507072e-09 2.513315083877900389e-08
4.923882631706731766e+07 8.964286642751751751e-09 2.364355269325691746e-08
5.077917243205403537e+07 8.542720824186027704e-09 2.219495827291323581e-08
5.236770544204644859e+07 8.152242970193645629e-09 2.078756169548985215e-08
5.400593278542374074e+07 7.796061020087542236e-09 1.956126604947221761e-08
5.569540905800124258e+07 7.455436090625687488e-09 1.849422818249867141e-08
5.743773748826587200e+07 7.130058270449571869e-09 1.746547355078195613e-08
5.923457145875805616e+07 6.818929502236672793e-09 1.646497872934082460e-08
6.108761607505039871e+07 6.521749575994241745e-09 1.548727428297361014e-08
6.299862978380693495e+07 6.237607717743923307e-09 1.453273741344339640e-08
6.496942604146124423e+07 5.965948186268040314e-09 1.369856009274326808e-08
6.700187503509590030e+07 5.706487472997520052e-09 1.297492087314852616e-08
6.909790545715644956e+07 5.458432045508033290e-09 1.226417246276712351e-08
7.125950633568410575e+07 5.221511715399631616e-09 1.156676640968177544e-08
7.348872892180387676e+07 4.995004577154967239e-09 1.088312214453225076e-08
7.578768863625930250e+07 4.799647183745491511e-09 1.021362517678810695e-08
7.815856707684090734e+07 4.591492326818440512e-09 9.662664720499172627e-09
8.060361408861345053e+07 4.392501423593955416e-09 9.153576488222090687e-09
8.312514989890632033e+07 4.220321226529583655e-09 8.652205867101872070e-09
8.572556731909324229e+07 4.037514117584287469e-09 8.158926821261600950e-09
8.840733401525062323e+07 3.878688283298573526e-09 7.674095694892466265e-09
9.117299484984922409e+07 3.710795731483544552e-09 7.223222012181446359e-09
9.402517429670132697e+07 3.564638517085519099e-09 6.854755422891510212e-09
9.696657893145520985e+07 3.410463439615738466e-09 6.490694922808713325e-09
1.000000000000000000e+08 3.275735022325147054e-09 6.131345310792044794e-09
