# # t F(afterglowpy) F(our) | flux in mJy, time in days
1.000000000000000000e+04 1.371462036502601505e-08 1.264663082386259789e-06
1.031283160672184749e+04 1.701241249101298493e-08 1.397959576691890078e-06
1.063544957486011117e+04 2.110284159807832004e-08 1.546379902815964701e-06
1.096816005273138035e+04 2.617636351717811670e-08 1.711843839382869014e-06
1.131127876593921428e+04 3.246912814720463056e-08 1.896564822834818155e-06
1.166513131698196230e+04 4.027377798625529816e-08 2.103052738433727569e-06
1.203005349423324151e+04 4.995345090392843673e-08 2.334205441340858096e-06
1.240639159058831865e+04 6.195809288556314679e-08 2.593352817534080815e-06
1.279450273207873397e+04 7.684552122510258730e-08 2.884366461429383090e-06
1.319475521676706012e+04 9.530756615814238414e-08 3.211723943354071020e-06
1.360752886424333155e+04 1.182011165679941933e-07 3.580631955757815443e-06
1.403321537605484627e+04 1.465887019601739345e-07 3.997169365345187285e-06
1.447221870741134444e+04 1.817872120327873615e-07 4.468353011468976920e-06
1.492495545051829140e+04 2.254274069610937567e-07 5.002423011086274005e-06
1.539185522990205391e+04 2.795312130073391387e-07 5.609060686483079951e-06
1.587336111010208697e+04 3.466027062288808646e-07 6.299588619241867834e-06
1.636993001611701948e+04 4.297424034487713073e-07 7.087370633523834597e-06
1.688203316700362848e+04 5.327928917771391237e-07 7.988052585771373494e-06
1.741015652304015384e+04 6.605092538578896530e-07 9.020209269794833806e-06
1.795480124687830539e+04 8.187787425943144930e-07 1.020577438081322829e-05
1.851648417912154036e+04 1.014891412158084503e-06 1.157066463599467393e-05
1.909573832878096800e+04 1.257862117492618446e-06 1.314576220073122966e-05
1.969311337907421694e+04 1.558848066020041949e-06 1.496767872656040545e-05
2.030917620904734940e+04 1.931649342133562178e-06 1.708000274666168219e-05
2.094451143151468932e+04 2.393320476967490534e-06 1.953504243169936082e-05
2.159972194782717270e+04 2.964949458617272537e-06 2.239401353475961956e-05
2.227542951999556317e+04 3.672591419154654344e-06 2.573087354410187366e-05
2.297227536071151189e+04 4.548411309476548981e-06 2.963414990038366179e-05
2.369092074182632132e+04 5.632136767485714849e-06 3.420894805648204244e-05
2.443204762186486914e+04 6.972782543678676956e-06 3.958248048704394588e-05
2.519635929317013506e+04 8.630775448767959352e-06 4.590603593736707273e-05
2.598458104929247202e+04 1.068063473542487106e-05 5.336012828008074868e-05
2.679746087325689587e+04 1.321412320386575220e-05 6.216240553588310547e-05
2.763577014736157435e+04 1.634419252529382475e-05 7.257290713145744343e-05
2.850030438518105075e+04 2.020981655750977223e-05 8.490497648471871260e-05
2.939188398646884161e+04 2.498172866783885310e-05 9.953462785097243778e-05
3.031135501567576284e+04 3.086968391186871869e-05 1.169088772853587780e-04
3.125959000482277770e+04 3.813089026166942665e-05 1.375651321465245461e-04
3.223748878149026859e+04 4.708059872882351503e-05 1.621482589922322625e-04
3.324597932270938327e+04 5.810466850350848843e-05 1.914291366902568913e-04
3.428601863556582975e+04 7.167487876487846983e-05 2.263322242778053803e-04
3.535859366535175650e+04 8.836718029423618135e-05 2.679508952443605038e-04
3.646472223212745303e+04 1.088835951481370655e-04 3.175957572300842436e-04
3.760545399658168026e+04 1.340786143503623433e-04 3.768257006699972400e-04
3.878187145610719745e+04 1.649902801929166430e-04 4.475002197898319319e-04
3.999509097203669808e+04 2.028778325674446086e-04 5.318213677240064396e-04
4.124626382901347824e+04 2.492646481886474138e-04 6.323736672322964169e-04
4.253657732750391733e+04 3.059906551593184146e-04 7.522366066124037401e-04
4.386725591048494243e+04 3.752719010500640893e-04 8.950094107763971593e-04
4.523956232538058248e+04 4.597717474911945244e-04 1.064954488463388561e-03
4.665479882234468096e+04 5.626804313584231288e-04 1.267014774413805552e-03
4.811430839003264555e+04 6.878098176525304815e-04 1.506927718991406045e-03
4.961947603002897813e+04 8.396993716342884048e-04 1.791419702199060658e-03
5.117173007114609936e+04 1.023735825649535729e-03 2.128228557070147194e-03
5.277254352483532421e+04 1.246288651319319351e-03 2.526310265188636602e-03
5.442343548300272232e+04 1.514860145444707094e-03 2.995911530167876154e-03
5.612597255954965658e+04 1.838252964850641295e-03 3.548674119839670231e-03
5.788177037701279914e+04 2.226740256148610191e-03 4.197667361488633710e-03
5.969249509970739746e+04 2.692265903021029156e-03 4.957803612966252618e-03
6.155986501483514439e+04 3.248648303051149960e-03 5.845794674361224491e-03
6.348565216305223294e+04 3.911782655105637205e-03 6.880477868623600425e-03
6.547168402004743257e+04 4.699855713274299178e-03 8.082480449160588457e-03
6.751984523072508455e+04 5.633567717262551351e-03 9.474531983616208894e-03
6.963207939763889590e+04 6.736333893419638348e-03 1.108110551349076635e-02
7.181039092537356191e+04 8.034468489039414338e-03 1.292944585238586276e-02
7.405684692262441968e+04 9.557362461744864368e-03 1.504902355864176297e-02
7.637357916378027585e+04 1.133763495678140679e-02 1.747135074521455333e-02
7.876278611187063507e+04 1.341043936530853138e-02 2.022849210460161279e-02
8.122673500479719951e+04 1.581633110651972998e-02 2.335690221604339728e-02
8.376776400682923850e+04 1.859836116740628056e-02 2.689447343903316606e-02
8.638828442740453465e+04 2.180186399415466603e-02 3.087871601408838373e-02
8.909078300934142317e+04 2.547613598238005275e-02 3.534959407507824725e-02
9.187782428863340465e+04 2.967146696810108938e-02 4.035015593722409560e-02
9.475205302806547843e+04 3.444761051483717640e-02 4.592207576759799875e-02
9.771619672696181806e+04 3.986076623730562540e-02 5.210837569435378819e-02
1.007730682094461808e+05 4.597115902150931271e-02 5.895342671605405260e-02
1.039255682936713129e+05 5.284118880738566948e-02 6.650119033029977533e-02
1.071766885445503431e+05 6.053482266138841827e-02 7.479485736306115684e-02
1.105295141126022063e+05 6.906496202037293308e-02 8.388260682996231954e-02
1.139872266616052511e+05 7.865379001769300105e-02 9.380050962387563585e-02
1.175531073878369934e+05 8.932053657270355718e-02 1.045975030564096631e-01
1.212305401337652875e+05 1.008452868260321794e-01 1.163150175252341961e-01
1.250230145991455938e+05 1.136514165229289830e-01 1.289957572450253775e-01
1.289341296525715734e+05 1.276642195224845511e-01 1.426783001287535990e-01
1.329675967466212751e+05 1.429551730191579439e-01 1.573975584019976504e-01
1.371272434398400947e+05 1.595847044170269347e-01 1.731978533965778944e-01
1.414170170289023954e+05 1.776211108902675251e-01 1.901124565095323182e-01
1.458409882943986449e+05 1.971132120111105390e-01 2.081915011632795576e-01
1.504033553638025187e+05 2.181197362978078425e-01 2.274362698725341803e-01
1.551084476952840632e+05 2.406940036162120711e-01 2.479166201233421463e-01
1.599607301861487795e+05 2.648869594349246293e-01 2.696460054719668209e-01
1.649648074098020734e+05 2.907469878232384342e-01 2.926539949831108989e-01
1.701254279852589243e+05 3.183200187278160120e-01 3.169728612190866879e-01
1.754474890833459795e+05 3.476494163701788209e-01 3.426391647909576843e-01
1.809360410738716600e+05 3.787763752180409171e-01 3.696618523883998808e-01
1.865962923181745864e+05 4.117394205477036273e-01 3.980803285746273845e-01
1.924336141115979990e+05 4.465749473511625434e-01 4.279205316912511048e-01
1.984535457805803162e+05 4.833172497877034623e-01 4.591866378200106791e-01
2.046617999391989724e+05 5.219981920371988826e-01 4.919350629023162558e-01
2.110642679101554677e+05 5.626710158617983515e-01 5.261420140334888140e-01
2.176670253153459053e+05 6.052955738631918825e-01 5.618559804929220691e-01
2.244763378413223836e+05 6.499670322954436141e-01 5.990679084909436014e-01
2.314986671851160936e+05 6.966876039039636703e-01 6.378326667600136002e-01
2.387406771860647132e+05 7.454809122862690041e-01 6.781659987430008751e-01
2.462092401494625374e+05 7.963719917694065398e-01 7.200847307820342769e-01
2.539114433680346992e+05 8.493744731304445628e-01 7.636114085535322671e-01
2.618545958474232757e+05 9.045160933506097845e-01 8.087666922758028898e-01
2.700462352420681855e+05 9.618147377566350631e-01 8.555572008783931537e-01
2.784941350080644479e+05 1.021286726863117389e+00 9.040299930155996089e-01
2.872063117797828163e+05 1.082949208878956293e+00 9.541602929607755357e-01
2.961910329772553523e+05 1.146821109089949386e+00 1.005974222340990210e+00
3.054568246515431674e+05 1.212976148456714087e+00 1.059526915647799106e+00
3.150124795755327796e+05 1.281363507890176612e+00 1.114765856850210568e+00
3.248670655878374819e+05 1.351849629020861698e+00 1.171623750538459685e+00
3.350299341977229924e+05 1.424715379359499101e+00 1.230249916687576439e+00
3.455107294592218241e+05 1.499867195431386691e+00 1.290634910518769329e+00
3.563193971228583832e+05 1.577319517630914936e+00 1.352787348395580569e+00
3.674661940736687975e+05 1.657086662654050579e+00 1.416806559926272024e+00
3.789616980644715950e+05 1.739182320740467969e+00 1.482653836313901019e+00
3.908168177536264411e+05 1.823620603026177456e+00 1.550315548518908848e+00
4.030428030568050453e+05 1.910415831691345323e+00 1.619887908445275082e+00
4.156512558225988178e+05 1.999582278723744500e+00 1.691341049874964142e+00
4.286541408420925145e+05 2.091132344371323004e+00 1.764655263504775640e+00
4.420637972028530203e+05 2.185074909163092105e+00 1.839905778844229456e+00
4.558929499981059344e+05 2.281429773198770938e+00 1.917070875528944063e+00
4.701547224022129667e+05 2.380206383586607632e+00 1.995859999397791906e+00
4.848626481239077984e+05 2.481422466444666686e+00 2.076543804887938993e+00
5.000306842491090065e+05 2.585087600306319455e+00 2.159275369004201917e+00
5.156732244854963501e+05 2.691219002437532204e+00 2.243993224718984436e+00
5.318051128214197233e+05 2.799827126285625134e+00 2.330673922897166239e+00
5.484416576121015241e+05 2.910926810205693105e+00 2.419461335955755743e+00
5.655986461065001786e+05 3.024530315416350756e+00 2.510347199645007077e+00
5.832923594286199659e+05 3.140651556235903197e+00 2.603265040967762456e+00
6.015395880274833180e+05 3.259302790943970685e+00 2.698269586435754430e+00
6.203576476104268804e+05 3.380498688585108269e+00 2.795482397227650129e+00
6.397643955748423468e+05 3.504251549517932052e+00 2.894764842420152640e+00
6.597782479539533379e+05 3.630574411378275190e+00 2.995958593402946235e+00
6.804181968927093549e+05 3.759480007146765779e+00 3.098897440189777086e+00
7.017038286703822669e+05 3.890994349292537624e+00 3.204011735181480081e+00
7.236553422869649949e+05 4.025114907090436844e+00 3.311276227293015406e+00
7.462935686310129240e+05 4.161857873268149710e+00 3.420707536944961102e+00
7.696399902471150272e+05 4.301231537834680374e+00 3.532447286156315425e+00
7.937167617217558436e+05 4.443240651515597328e+00 3.646051224614631714e+00
8.185467307069021044e+05 4.587902012772912208e+00 3.760116909528204765e+00
8.441534596012993716e+05 4.735225480730264280e+00 3.873489087189958990e+00
8.705612479099855991e+05 4.885222164353951513e+00 3.985190084337597138e+00
8.977951553033331875e+05 5.037901536531855129e+00 4.093003632153024540e+00
9.258810253973945510e+05 5.193274137882788466e+00 4.193883732371086026e+00
9.548455102782303002e+05 5.349495529633335522e+00 4.285996329502670399e+00
9.847160957933764439e+05 5.501687228978824784e+00 4.368773067579273750e+00
1.015521127634569188e+06 5.648524661552997372e+00 4.442532744646970677e+00
1.047289838236357435e+06 5.788958305773661550e+00 4.506999956471574365e+00
1.080052374516254058e+06 5.918634481127527991e+00 4.562008970048959888e+00
1.113839826482618228e+06 6.039566502758541233e+00 4.607600292214465654e+00
1.148684256737554679e+06 6.151721491312448720e+00 4.643770668155269732e+00
1.184618730902682291e+06 6.252499853760645543e+00 4.670535708681751608e+00
1.221677348996793153e+06 6.336552451280898168e+00 4.687992259775555226e+00
1.259895277795025846e+06 6.423562551389006003e+00 4.696432641486593340e+00
1.299308784200417111e+06 6.493788143301135740e+00 4.696352831711682718e+00
1.339955269659337122e+06 6.552673040950602434e+00 4.688114491584756571e+00
1.381873305653633550e+06 6.601971861230221172e+00 4.672158563854352131e+00
1.425102670302996412e+06 6.639078452809564546e+00 4.646470543078710769e+00
1.469684386112447362e+06 6.670308981519474045e+00 4.612131935913928338e+00
1.515660758900601184e+06 6.684546551927375013e+00 4.570722535012545329e+00
1.563075417945817346e+06 6.691819583425292706e+00 4.522530605105870904e+00
1.611973357388155535e+06 6.687867041201220886e+00 4.467880897889674685e+00
1.662400978926613461e+06 6.678852974706494194e+00 4.407095072031943950e+00
1.714406135851968545e+06 6.656306074590306210e+00 4.340427841969017209e+00
1.768038178457208676e+06 6.629954257525044525e+00 4.268195367740331037e+00
1.823348000868438510e+06 6.588688922821559935e+00 4.190790173847067202e+00
1.880388089340916602e+06 6.540781002392073162e+00 4.107942082301058839e+00
1.939212572065826971e+06 6.487107117658599265e+00 4.018671995424652366e+00
1.999877270535286982e+06 6.421066068343193933e+00 3.925673280359366135e+00
2.062439752514088526e+06 6.350376798451501159e+00 3.830961111600962976e+00
2.126959386668691877e+06 6.273418823023427571e+00 3.733285800285440992e+00
2.193497398905055597e+06 6.188262699950713319e+00 3.632354160360496742e+00
2.262116930469026323e+06 6.096164924800823393e+00 3.528371432671447483e+00
2.332883097864153329e+06 5.999720466524644635e+00 3.421278781611784670e+00
2.405863054644066840e+06 5.893417109221265271e+00 3.311045633663781906e+00
2.481126055137765128e+06 5.783819536425089503e+00 3.198180308482583722e+00
2.558743520168588962e+06 5.667753121134511574e+00 3.083298226825324839e+00
2.638789104828934651e+06 5.546819468649505147e+00 2.967009406762772805e+00
2.721338768375308719e+06 5.422531133079938392e+00 2.849682455311001394e+00
2.806470846309838817e+06 5.291458095278146700e+00 2.731603288984135958e+00
2.894266124716751743e+06 5.155828842405781209e+00 2.613015029304738501e+00
2.984807916924327612e+06 5.017589500717434703e+00 2.494469993083934245e+00
3.078182142565079965e+06 4.874945479744535959e+00 2.375520971793050329e+00
3.174477409109193366e+06 4.728636216749607435e+00 2.256433959516995991e+00
3.273785095948576927e+06 4.578597853794610373e+00 2.137781506332273374e+00
3.376199441111340187e+06 4.426745783905009723e+00 2.020020329584381713e+00
3.481817630688966252e+06 4.272066856612466879e+00 1.903974894857596301e+00
3.590739891061055008e+06 4.114185173634433035e+00 1.790976018080963961e+00
3.703069584005141165e+06 3.954303064799211231e+00 1.682637502817786679e+00
3.818913304781854153e+06 3.792883526061552768e+00 1.579389828798060114e+00
3.938380983288488816e+06 3.629829601864057675e+00 1.481246652837642896e+00
4.061585988376979716e+06 3.466079521576583389e+00 1.388209324280901047e+00
4.188645235435271170e+06 3.301530473280472666e+00 1.300244609491002290e+00
4.319679297334173694e+06 3.136989288472148196e+00 1.217493548178083973e+00
4.454812518844988197e+06 2.973390281829097148e+00 1.139616942728086668e+00
4.594173134636476636e+06 2.810887226714801290e+00 1.066048701050079650e+00
4.737893390963143669e+06 2.651150807231391848e+00 9.966737899467421613e-01
4.886109671160326339e+06 2.495279615458509959e+00 9.313350145801678748e-01
5.038962625065150671e+06 2.346358238305566779e+00 8.698775922276938966e-01
5.196597302486197092e+06 2.204779605606961734e+00 8.121477407631642054e-01
5.359163290848514996e+06 2.070390787752024675e+00 7.579741730952617162e-01
5.526814857144603506e+06 1.943019983562675357e+00 7.072346345379486587e-01
5.699711094326075166e+06 1.822475953079236488e+00 6.597903666940291290e-01
5.878016072274912149e+06 1.708551964187859484e+00 6.155070892606496757e-01
6.061898993497571908e+06 1.601028461200835418e+00 5.742246869720611935e-01
6.251534353689711541e+06 1.499673040110098610e+00 5.358639992612788117e-01
6.447102107323869132e+06 1.404245189606451838e+00 5.003424809837739851e-01
6.648787838417262770e+06 1.314498508166309199e+00 4.671715483065769225e-01
6.856782936641737819e+06 1.230179997477342191e+00 4.361859239741226468e-01
7.071284778942996636e+06 1.151036229318720849e+00 4.072514458394639880e-01
7.292496916841444559e+06 1.076813263914605079e+00 3.802557791951592936e-01
7.520629269592407160e+06 1.007259822509914304e+00 3.550623312403831666e-01
7.755898323389001191e+06 9.421264179453937571e-01 3.315617734804512939e-01
7.998527336796708405e+06 8.811703365009608824e-01 3.096292540493460477e-01
8.248746552614580840e+06 8.241542502269841863e-01 2.891878018628911695e-01
8.506793416364153847e+06 7.708489452898886762e-01 2.701850573402513889e-01
8.772912801613356918e+06 7.210328537413356331e-01 2.525275585190093763e-01
9.047357242349293083e+06 6.744930510643049049e-01 2.361384720546301497e-01
9.330387172620359808e+06 6.310263046319537494e-01 2.209475982099913527e-01
9.622271173675134778e+06 5.904383262964332246e-01 2.068226925602308919e-01
9.923286228832544759e+06 5.525448891091131465e-01 1.936411906288476314e-01
1.023371798632519133e+07 5.171712674246771169e-01 1.813317688568530928e-01
1.055386103036523052e+07 4.841521803650742917e-01 1.698297471704642569e-01
1.088401916069005430e+07 4.533319666682835702e-01 1.590793659905321011e-01
1.122450568085305952e+07 4.245638811877154861e-01 1.490404327087556657e-01
1.157564369553303532e+07 3.977102278741394548e-01 1.396651959117835295e-01
1.193776641714435816e+07 3.726419085476942450e-01 1.309042829564476262e-01
1.231121748203892075e+07 3.492371783216791092e-01 1.227094213595458089e-01
1.269635127659972757e+07 3.273847297748344598e-01 1.150572532332640174e-01
1.309353327353612147e+07 3.069768276649990635e-01 1.079474059095102551e-01
1.350314037869872153e+07 2.879154553304340003e-01 1.013485465929818558e-01
1.392556128874464706e+07 2.701083733878003601e-01 9.521700278903930115e-02
1.436119685999077372e+07 2.534696279128416108e-01 8.947510132212183054e-02
1.481046048880676925e+07 2.379196245925229158e-01 8.409565952785759413e-02
1.527377850390712358e+07 2.233834726664929715e-01 7.906249153065550428e-02
1.575159057091624476e+07 2.097919505997092593e-01 7.434707710752649912e-02
1.624435010958865471e+07 1.970803047111656936e-01 6.992445805773327139e-02
1.675252472408217192e+07 1.851893213242359892e-01 6.577137478863713527e-02
1.727659664669034630e+07 1.740624359226010387e-01 6.187802822274817566e-02
1.781706319545732439e+07 1.636479136787357402e-01 5.823137094246792766e-02
1.837443724610724673e+07 1.538977894560273896e-01 5.481274770391251355e-02
1.894924771873823553e+07 1.447669177000895369e-01 5.160059630918466256e-02
1.954204007974051312e+07 1.362138357356755258e-01 4.857760833718345606e-02
2.015337685941735283e+07 1.281996188196165842e-01 4.575726680099295729e-02
2.078383818579755351e+07 1.206883114986964239e-01 4.314410423028264968e-02
2.143402233514858782e+07 1.136463703735108299e-01 4.070455028899860189e-02
2.210454629971019179e+07 1.070426532760269805e-01 3.840385890234758459e-02
2.279604637318982184e+07 1.008481361640219953e-01 3.623888587354982121e-02
2.350917875457284227e+07 9.503588077728745975e-02 3.420917460146392225e-02
2.424462017082330585e+07 8.958078384569302666e-02 3.230002182998453070e-02
2.500306851906321198e+07 8.445949471221816940e-02 3.050095681895726232e-02
2.578524352884276584e+07 7.965027232041013705e-02 2.880246826949828254e-02
2.659188744512690976e+07 7.513286662595658472e-02 2.720541494191304130e-02
2.742376573264952376e+07 7.088844192759898022e-02 2.570456062734072580e-02
2.828166780230029300e+07 6.689943622347800656e-02 2.429235685831822658e-02
2.916640776023706794e+07 6.314948005422602040e-02 2.295939626948691192e-02
3.007882518043095991e+07 5.962333084201949102e-02 2.169772709760771356e-02
3.101978590138100088e+07 5.630676338240653278e-02 2.051239074203203144e-02
3.199018284775060788e+07 5.318653187848092212e-02 1.939928180943877728e-02
3.299093687770942599e+07 5.025025453293862493e-02 1.835253588649692763e-02
3.402299765678064525e+07 4.748640132573163364e-02 1.737525680912926918e-02
3.508734455902715027e+07 4.488419317454744872e-02 1.645406833769577290e-02
3.618498759642742574e+07 4.243358368745787923e-02 1.559015323580806300e-02
3.731696837732755393e+07 4.012517429033046756e-02 1.477631846789318089e-02
3.848436109487425536e+07 3.795019722268255097e-02 1.400238951982720609e-02
3.968827354637166113e+07 3.590045039402504912e-02 1.326667634807652922e-02
4.092984818452434242e+07 3.396827279262149696e-02 1.257701164902495262e-02
4.221026320156902820e+07 3.214650036015370693e-02 1.192859341755465527e-02
4.353073364731883258e+07 3.042843092342360431e-02 1.131262062132487069e-02
4.489251258218607306e+07 2.880779757186419446e-02 1.072543306311042263e-02
4.629689226627258211e+07 2.727870669418158353e-02 1.017239665359027066e-02
4.774520538566131145e+07 2.583572521171471556e-02 9.653481234094945032e-03
4.923882631706731766e+07 2.447368096135828577e-02 9.161400499718641566e-03
5.077917243205403537e+07 2.318775740783857869e-02 8.692857952952111333e-03
5.236770544204644859e+07 2.197344361357261508e-02 8.248020611567740898e-03
5.400593278542374074e+07 2.082651257878156623e-02 7.830904320834143617e-03
5.569540905800124258e+07 1.974300216999452101e-02 7.436308613097645549e-03
5.743773748826587200e+07 1.871919541041151477e-02 7.061417859684521008e-03
5.923457145875805616e+07 1.775160809840931400e-02 6.709460364100411703e-03
6.108761607505039871e+07 1.683697090731601717e-02 6.379157939630817481e-03
6.299862978380693495e+07 1.597221623240610219e-02 6.067343880076529229e-03
6.496942604146124423e+07 1.515446456555756723e-02 5.771680420460603353e-03
6.700187503509590030e+07 1.438101246757301534e-02 5.488997370275245161e-03
6.909790545715644956e+07 1.364932137517408869e-02 5.220403489784074605e-03
7.125950633568410575e+07 1.295700642277472850e-02 4.967642848901875421e-03
7.348872892180387676e+07 1.230182724398276410e-02 4.728779960097215934e-03
7.578768863625930250e+07 1.168167790455864816e-02 4.500689601219837362e-03
7.815856707684090734e+07 1.109457914439337771e-02 4.281680804334221137e-03
8.060361408861345053e+07 1.053866980226873980e-02 4.076091656465516064e-03
8.312514989890632033e+07 1.001219903460221460e-02 3.882555532868490859e-03
8.572556731909324229e+07 9.513521545151296110e-03 3.698013986611880730e-03
8.840733401525062323e+07 9.041086751783796935e-03 3.519258038484675451e-03
9.117299484984922409e+07 8.593437322680445509e-03 3.351543958513342279e-03
9.402517429670132697e+07 8.169200810140523836e-03 3.194332089905694682e-03
9.696657893145520985e+07 7.767084272442386847e-03 3.044571266346071323e-03
1.000000000000000000e+08 7.385871542554426315e-03 2.898477410367379832e-03
