# # t F(afterglowpy) F(our) | flux in mJy, time in days
1.000000000000000000e+04 3.922682037688161039e+00 2.402367298493602643e+00
1.031283160672184749e+04 3.984288640292432238e+00 2.446638774937484939e+00
1.063544957486011117e+04 4.046874457375229106e+00 2.491138876626343368e+00
1.096816005273138035e+04 4.110454227254129123e+00 2.536794847008964293e+00
1.131127876593921428e+04 4.175044540948571026e+00 2.582059270997571154e+00
1.166513131698196230e+04 4.240660137890203352e+00 2.629184426174900668e+00
1.203005349423324151e+04 4.307317599686181886e+00 2.675794289646098001e+00
1.240639159058831865e+04 4.375032325786176735e+00 2.724577034274676457e+00
1.279450273207873397e+04 4.443186942402147288e+00 2.773164408295093253e+00
1.319475521676706012e+04 4.513465934592523432e+00 2.823195819635821557e+00
1.360752886424333155e+04 4.584696212042220331e+00 2.873497475073566676e+00
1.403321537605484627e+04 4.656816747928773204e+00 2.925662925190326558e+00
1.447221870741134444e+04 4.730083864884303324e+00 2.978178256650096500e+00
1.492495545051829140e+04 4.804517107444427282e+00 3.031337782336587683e+00
1.539185522990205391e+04 4.880136222006593805e+00 3.086229189908100246e+00
1.587336111010208697e+04 4.956961048771948875e+00 3.141054415998261629e+00
1.636993001611701948e+04 5.035010733752312007e+00 3.196908039332760687e+00
1.688203316700362848e+04 5.114306216745666767e+00 3.253045028729433685e+00
1.741015652304015384e+04 5.194867267562789159e+00 3.310655630285047391e+00
1.795480124687830539e+04 5.276715928089187990e+00 3.369289577270936142e+00
1.851648417912154036e+04 5.359872195382768822e+00 3.428493391862788009e+00
1.909573832878096800e+04 5.445736429336339057e+00 3.489629687475073627e+00
1.969311337907421694e+04 5.531326339044589702e+00 3.551218285077918146e+00
2.030917620904734940e+04 5.617399134779240910e+00 3.613637838367580901e+00
2.094451143151468932e+04 5.705999744327704626e+00 3.677897766183302330e+00
2.159972194782717270e+04 5.796017241555256660e+00 3.743021696874546222e+00
2.227542951999556317e+04 5.887474265758267045e+00 3.809115188714433220e+00
2.297227536071151189e+04 5.980393694550128814e+00 3.876203554245871707e+00
2.369092074182632132e+04 6.074799906130003535e+00 3.943923789999492335e+00
2.443204762186486914e+04 6.170717115306755041e+00 4.013050671457464524e+00
2.519635929317013506e+04 6.268170761288914150e+00 4.083283160499352249e+00
2.598458104929247202e+04 6.367184905080617519e+00 4.153893551219988822e+00
2.679746087325689587e+04 6.467786604121430472e+00 4.226313468990641198e+00
2.763577014736157435e+04 6.570001667254139477e+00 4.300521187168204307e+00
2.850030438518105075e+04 6.673856581423075696e+00 4.376002854567417444e+00
2.939188398646884161e+04 6.779378241408243078e+00 4.452190677407376285e+00
3.031135501567576284e+04 6.886595580093228364e+00 4.529815105842816436e+00
3.125959000482277770e+04 6.995535385556439500e+00 4.609051121049310140e+00
3.223748878149026859e+04 7.106226200750089816e+00 4.690043798743820602e+00
3.324597932270938327e+04 7.218698577327074872e+00 4.772270875167984094e+00
3.428601863556582975e+04 7.332980461534530647e+00 4.855283463575925218e+00
3.535859366535175650e+04 7.449102548746608932e+00 4.938705513547360759e+00
3.646472223212745303e+04 7.567095716098603653e+00 5.024001368970317571e+00
3.760545399658168026e+04 7.686908662538153081e+00 5.111146692658905089e+00
3.878187145610719745e+04 7.808867810199656034e+00 5.199902709290078917e+00
3.999509097203669808e+04 7.932775184560748372e+00 5.289950717557787563e+00
4.124626382901347824e+04 8.058659212485251189e+00 5.381409941270292485e+00
4.253657732750391733e+04 8.186553436830317665e+00 5.474781675674193160e+00
4.386725591048494243e+04 8.316491061911719385e+00 5.569974899718980410e+00
4.523956232538058248e+04 8.448509054982851652e+00 5.666713621296459280e+00
4.665479882234468096e+04 8.582267303520014323e+00 5.765164516733010558e+00
4.811430839003264555e+04 8.718572417757147974e+00 5.865469169228687996e+00
4.961947603002897813e+04 8.857085444486301640e+00 5.967410787141009365e+00
5.117173007114609936e+04 8.997845100131263152e+00 6.070795282404263027e+00
5.277254352483532421e+04 9.140888104186835506e+00 6.175145359504977449e+00
5.442343548300272232e+04 9.286253110187130844e+00 6.281173108502311031e+00
5.612597255954965658e+04 9.433978713187455512e+00 6.389161354355149314e+00
5.788177037701279914e+04 9.584104853153103676e+00 6.499602257543999784e+00
5.969249509970739746e+04 9.736780582390066385e+00 6.612256057168539591e+00
6.155986501483514439e+04 9.891809972209053115e+00 6.726653701280361553e+00
6.348565216305223294e+04 1.004936960600066698e+01 6.842804300377941296e+00
6.547168402004743257e+04 1.020950094354937754e+01 6.961099083856493230e+00
6.751984523072508455e+04 1.037225099764685510e+01 7.081859777312756954e+00
6.963207939763889590e+04 1.053765857886015844e+01 7.205459497880029929e+00
7.181039092537356191e+04 1.070576979770949322e+01 7.330478955230730342e+00
7.405684692262441968e+04 1.087662571201950179e+01 7.456919782867892366e+00
7.637357916378027585e+04 1.105027546841105490e+01 7.584474175228007375e+00
7.876278611187063507e+04 1.122676029131959829e+01 7.714843300768627010e+00
8.122673500479719951e+04 1.140446041842672109e+01 7.848180361983822628e+00
8.376776400682923850e+04 1.158844115493166171e+01 7.983646174271687990e+00
8.638828442740453465e+04 1.177373230941762472e+01 8.121244194576448194e+00
8.909078300934142317e+04 1.196206022959084159e+01 8.261156029855385441e+00
9.187782428863340465e+04 1.215347612278809208e+01 8.403619018800952745e+00
9.475205302806547843e+04 1.234803359690100066e+01 8.549681940241621092e+00
9.771619672696181806e+04 1.254578934452713845e+01 8.699097800699354011e+00
1.007730682094461808e+05 1.274679336654127759e+01 8.850367410319595507e+00
1.039255682936713129e+05 1.295110482409356401e+01 9.003747229605680857e+00
1.071766885445503431e+05 1.315877626999314209e+01 9.159332030523810175e+00
1.105295141126022063e+05 1.336986613104234856e+01 9.316622635394828933e+00
1.139872266616052511e+05 1.358442822711466924e+01 9.477407655780309526e+00
1.175531073878369934e+05 1.380251852031514126e+01 9.641331454919509270e+00
1.212305401337652875e+05 1.402419207083175934e+01 9.807418801417991716e+00
1.250230145991455938e+05 1.424950352183580371e+01 9.976341581503815448e+00
1.289341296525715734e+05 1.447850558564701196e+01 1.014820805298086270e+01
1.329675967466212751e+05 1.471125408650960686e+01 1.032408212171978690e+01
1.371272434398400947e+05 1.494779837533912570e+01 1.050419722118720145e+01
1.414170170289023954e+05 1.518819264759717491e+01 1.068633933670892588e+01
1.458409882943986449e+05 1.543247969244134765e+01 1.087143042870718901e+01
1.504033553638025187e+05 1.568070596029657615e+01 1.105940304267040553e+01
1.551084476952840632e+05 1.593291368076150505e+01 1.125014502452884990e+01
1.599607301861487795e+05 1.618914145260560034e+01 1.144301654724723427e+01
1.649648074098020734e+05 1.644941538220391308e+01 1.163954124626381947e+01
1.701254279852589243e+05 1.671376075853135390e+01 1.183811404280183588e+01
1.754474890833459795e+05 1.698219238568947276e+01 1.203958896434888004e+01
1.809360410738716600e+05 1.725471166881679252e+01 1.224334378585179017e+01
1.865962923181745864e+05 1.753131301095682915e+01 1.245086022887986132e+01
1.924336141115979990e+05 1.781196975376423808e+01 1.266173670339728119e+01
1.984535457805803162e+05 1.809663854519552473e+01 1.287698980179667885e+01
2.046617999391989724e+05 1.838526226816054532e+01 1.309277269972461433e+01
2.110642679101554677e+05 1.867775503929254199e+01 1.331094586431603410e+01
2.176670253153459053e+05 1.897400492216643286e+01 1.353035665745636074e+01
2.244763378413223836e+05 1.927387262155124859e+01 1.375151967539196640e+01
2.314986671851160936e+05 1.957718714273070049e+01 1.397300224384828837e+01
2.387406771860647132e+05 1.988373996175299041e+01 1.419571933779440087e+01
2.462092401494625374e+05 2.019328387809955672e+01 1.441875266305941850e+01
2.539114433680346992e+05 2.050591560871164987e+01 1.464070161759089750e+01
2.618545958474232757e+05 2.082015550970549356e+01 1.486221325022186335e+01
2.700462352420681855e+05 2.113676966968378323e+01 1.508335282123256782e+01
2.784941350080644479e+05 2.145495555143061850e+01 1.530453712306563396e+01
2.872063117797828163e+05 2.177423855355693760e+01 1.552567937710775503e+01
2.961910329772553523e+05 2.209410091139176657e+01 1.574518431866456503e+01
3.054568246515431674e+05 2.241397887975136527e+01 1.596039560989486894e+01
3.150124795755327796e+05 2.273326550557837678e+01 1.617139540459535851e+01
3.248670655878374819e+05 2.305126154099326996e+01 1.637849139960193412e+01
3.350299341977229924e+05 2.336709410366327688e+01 1.657946279775513077e+01
3.455107294592218241e+05 2.367984675806891559e+01 1.677566169146482267e+01
3.563193971228583832e+05 2.398854885615769916e+01 1.696926462798085922e+01
3.674661940736687975e+05 2.429226407391141151e+01 1.715601872247789572e+01
3.789616980644715950e+05 2.458995752198330464e+01 1.733608343572682031e+01
3.908168177536264411e+05 2.488072611426594705e+01 1.750908892187758426e+01
4.030428030568050453e+05 2.516353159347529100e+01 1.767662521251931906e+01
4.156512558225988178e+05 2.543747245202873941e+01 1.783803719478148153e+01
4.286541408420925145e+05 2.570157645765349841e+01 1.799595311777991569e+01
4.420637972028530203e+05 2.595494292933635450e+01 1.814851316168375206e+01
4.558929499981059344e+05 2.619686040267249183e+01 1.829330793568112767e+01
4.701547224022129667e+05 2.642625602147140995e+01 1.842816822104916241e+01
4.848626481239077984e+05 2.664253762031756878e+01 1.855274799573784961e+01
5.000306842491090065e+05 2.684512503350933343e+01 1.866902607067423503e+01
5.156732244854963501e+05 2.703366943964434199e+01 1.877910784037767300e+01
5.318051128214197233e+05 2.720680538269478177e+01 1.888656999883324517e+01
5.484416576121015241e+05 2.736406971787325304e+01 1.898922249526991735e+01
5.655986461065001786e+05 2.750532952647613527e+01 1.908298837847801721e+01
5.832923594286199659e+05 2.763012650103868495e+01 1.917021397809758199e+01
6.015395880274833180e+05 2.773853215888679458e+01 1.924942578348796118e+01
6.203576476104268804e+05 2.783022080168228385e+01 1.932273393684799245e+01
6.397643955748423468e+05 2.788812807877319955e+01 1.939383078890310941e+01
6.597782479539533379e+05 2.787772288500436701e+01 1.946115719539142574e+01
6.804181968927093549e+05 2.779186820346456344e+01 1.952467007493021001e+01
7.017038286703822669e+05 2.762917101969999933e+01 1.957621879142029897e+01
7.236553422869649949e+05 2.740207740110317758e+01 1.961065859826294044e+01
7.462935686310129240e+05 2.710629818690014048e+01 1.962308349843680588e+01
7.696399902471150272e+05 2.674432678629671045e+01 1.961329430721175981e+01
7.937167617217558436e+05 2.631885959491204474e+01 1.957862910430917580e+01
8.185467307069021044e+05 2.584339417713006881e+01 1.951296613995760154e+01
8.441534596012993716e+05 2.529020733086633399e+01 1.941048996685629646e+01
8.705612479099855991e+05 2.468602505562475002e+01 1.924870528420086657e+01
8.977951553033331875e+05 2.402733125004552051e+01 1.900360286185518888e+01
9.258810253973945510e+05 2.330442594361288045e+01 1.867524687705293474e+01
9.548455102782303002e+05 2.255113653175473587e+01 1.826399437899527101e+01
9.847160957933764439e+05 2.175517904842741501e+01 1.777924748563764368e+01
1.015521127634569188e+06 2.093175705146954257e+01 1.723433982638529827e+01
1.047289838236357435e+06 2.007641435455324341e+01 1.662495866085441421e+01
1.080052374516254058e+06 1.920157381496133553e+01 1.594982088562232114e+01
1.113839826482618228e+06 1.830480231960263637e+01 1.520795663652255847e+01
1.148684256737554679e+06 1.737419571544545960e+01 1.444252142554194585e+01
1.184618730902682291e+06 1.644738974099347217e+01 1.367291722671505383e+01
1.221677348996793153e+06 1.548189182175801548e+01 1.290580017718559880e+01
1.259895277795025846e+06 1.448358955967179185e+01 1.214784119474293433e+01
1.299308784200417111e+06 1.348354142134994760e+01 1.140509636267553439e+01
1.339955269659337122e+06 1.247269957969493603e+01 1.070232414052140335e+01
1.381873305653633550e+06 1.149190221708946602e+01 1.004503246748149969e+01
1.425102670302996412e+06 1.058821716979637095e+01 9.430126574387722727e+00
1.469684386112447362e+06 9.719029650762815109e+00 8.861092918851229072e+00
1.515660758900601184e+06 8.961247031065044055e+00 8.322370318098274211e+00
1.563075417945817346e+06 8.228662766766344561e+00 7.812544153181305795e+00
1.611973357388155535e+06 7.593199246701440863e+00 7.334699843466549574e+00
1.662400978926613461e+06 6.977040616984788279e+00 6.886652137588175293e+00
1.714406135851968545e+06 6.411325846415627083e+00 6.466080169638765085e+00
1.768038178457208676e+06 5.893286636975884285e+00 6.070679329475906272e+00
1.823348000868438510e+06 5.427648376960279464e+00 5.696222283671652953e+00
1.880388089340916602e+06 4.993564959570917061e+00 5.341514365960314592e+00
1.939212572065826971e+06 4.588711042802329665e+00 5.008821018921294055e+00
1.999877270535286982e+06 4.225219073769106437e+00 4.696716525351085636e+00
2.062439752514088526e+06 3.893866022708184271e+00 4.408099389120339495e+00
2.126959386668691877e+06 3.590231758214083690e+00 4.139386216438451171e+00
2.193497398905055597e+06 3.300383990081735774e+00 3.885905627059199396e+00
2.262116930469026323e+06 3.035208966922499307e+00 3.646593601335549995e+00
2.332883097864153329e+06 2.804859997116714521e+00 3.422052716671443839e+00
2.405863054644066840e+06 2.572523707232070578e+00 3.211175587901267559e+00
2.481126055137765128e+06 2.381240572606972972e+00 3.012876373893123017e+00
2.558743520168588962e+06 2.186574081473131592e+00 2.826142463912608704e+00
2.638789104828934651e+06 2.026579555207266736e+00 2.650020058267941625e+00
2.721338768375308719e+06 1.865040054699863337e+00 2.483612015190222788e+00
2.806470846309838817e+06 1.716696070459170054e+00 2.326363799490294149e+00
2.894266124716751743e+06 1.593041241549920439e+00 2.179868525493179998e+00
2.984807916924327612e+06 1.472895024424228261e+00 2.046365424914830644e+00
3.078182142565079965e+06 1.359185375957652209e+00 1.921043130950322420e+00
3.174477409109193366e+06 1.254943963302602716e+00 1.802954237243322266e+00
3.273785095948576927e+06 1.159317874151176708e+00 1.691487656428460218e+00
3.376199441111340187e+06 1.077009430201301576e+00 1.586068510954359079e+00
3.481817630688966252e+06 1.000742572815741971e+00 1.486205655880567189e+00
3.590739891061055008e+06 9.257457097636099252e-01 1.392470703722081593e+00
3.703069584005141165e+06 8.566353248692860634e-01 1.304922999893877389e+00
3.818913304781854153e+06 7.931714547300635632e-01 1.223207989558112718e+00
3.938380983288488816e+06 7.346263222432277695e-01 1.146666889043542081e+00
4.061585988376979716e+06 6.807002538608381004e-01 1.074579934868138409e+00
4.188645235435271170e+06 6.309963963565936584e-01 1.007074648722245280e+00
4.319679297334173694e+06 5.851649493352354403e-01 9.444211809311904293e-01
4.454812518844988197e+06 5.428771648202841416e-01 8.851714900663306684e-01
4.594173134636476636e+06 5.038419278147741043e-01 8.296080387240967191e-01
4.737893390963143669e+06 4.677912248828013375e-01 7.775622691346752990e-01
4.886109671160326339e+06 4.344213291785129494e-01 7.288406055961753616e-01
5.038962625065150671e+06 4.036330696886995528e-01 6.832451935741596927e-01
5.196597302486197092e+06 3.751566529657422988e-01 6.404358057682413286e-01
5.359163290848514996e+06 3.488141556970084101e-01 6.001222449849255014e-01
5.526814857144603506e+06 3.240878311581609217e-01 5.620627130726802978e-01
5.699711094326075166e+06 3.001674776163043012e-01 5.261685621525711287e-01
5.878016072274912149e+06 2.780668511452236702e-01 4.924718593330548733e-01
6.061898993497571908e+06 2.588821626855414282e-01 4.613680307551076831e-01
6.251534353689711541e+06 2.410648246385068139e-01 4.324590762028353019e-01
6.447102107323869132e+06 2.245713186877898448e-01 4.053225219410135916e-01
6.648787838417262770e+06 2.092698573482663360e-01 3.798865028449363024e-01
6.856782936641737819e+06 1.950681654644562946e-01 3.560831628844473573e-01
7.071284778942996636e+06 1.817533748831946239e-01 3.337548837863620887e-01
7.292496916841444559e+06 1.683009956105857574e-01 3.127406468242254767e-01
7.520629269592407160e+06 1.566721707735978242e-01 2.929394578140611105e-01
7.755898323389001191e+06 1.461928328479258077e-01 2.742934146423747221e-01
7.998527336796708405e+06 1.364666049772906287e-01 2.567459152694505087e-01
8.248746552614580840e+06 1.274093563299280030e-01 2.402416961141319585e-01
8.506793416364153847e+06 1.189840276393952373e-01 2.247306561204908404e-01
8.772912801613356918e+06 1.104589883505361775e-01 2.104841101659673530e-01
9.047357242349293083e+06 1.028384099076962849e-01 1.974445205470486964e-01
9.330387172620359808e+06 9.611800566974297577e-02 1.852316890347495693e-01
9.622271173675134778e+06 8.985041563000570330e-02 1.736761617643322597e-01
9.923286228832544759e+06 8.401311859648460945e-02 1.627496351928873208e-01
1.023371798632519133e+07 7.856842776159346509e-02 1.524242009230176442e-01
1.055386103036523052e+07 7.306173673393509538e-02 1.426722983422161195e-01
1.088401916069005430e+07 6.811483818878204255e-02 1.334667440620360412e-01
1.122450568085305952e+07 6.374528371876976574e-02 1.248739454072427951e-01
1.157564369553303532e+07 5.967100069435980064e-02 1.170523584852281168e-01
1.193776641714435816e+07 5.586644430510180614e-02 1.097848415299448599e-01
1.231121748203892075e+07 5.231330745508041419e-02 1.028880101980657186e-01
1.269635127659972757e+07 4.894488498845837865e-02 9.638358084313669583e-02
1.309353327353612147e+07 4.554826226327984146e-02 9.033387756082458808e-02
1.350314037869872153e+07 4.261273626089627509e-02 8.459477916892089999e-02
1.392556128874464706e+07 3.993418698566188196e-02 7.915313337444014608e-02
1.436119685999077372e+07 3.743045163103293077e-02 7.405133581506766205e-02
1.481046048880676925e+07 3.508974094470384414e-02 6.950746688119900651e-02
1.527377850390712358e+07 3.290120762488194656e-02 6.529609407157478673e-02
1.575159057091624476e+07 3.085229634942477858e-02 6.128010961079420615e-02
1.624435010958865471e+07 2.893625514111256361e-02 5.745331410410613182e-02
1.675252472408217192e+07 2.714418311081020010e-02 5.380937291524422184e-02
1.727659664669034630e+07 2.546786312156743351e-02 5.034183344690786738e-02
1.781706319545732439e+07 2.385274838593906543e-02 4.704414059335695203e-02
1.837443724610724673e+07 2.235066810860410896e-02 4.397514081452951612e-02
1.894924771873823553e+07 2.095937918566215599e-02 4.132340221727823920e-02
1.954204007974051312e+07 1.967098071780128479e-02 3.887320260444054876e-02
2.015337685941735283e+07 1.847666502564962801e-02 3.652533521867720040e-02
2.078383818579755351e+07 1.736976644013661641e-02 3.427723102443344660e-02
2.143402233514858782e+07 1.634398550005203982e-02 3.212619377951594218e-02
2.210454629971019179e+07 1.536697971729681679e-02 3.006940860072218266e-02
2.279604637318982184e+07 1.443579680232526946e-02 2.810396619615728592e-02
2.350917875457284227e+07 1.356305678507590921e-02 2.637149717388971928e-02
2.424462017082330585e+07 1.274414128573913424e-02 2.483177352641499289e-02
2.500306851906321198e+07 1.197656202223499472e-02 2.335023637524669474e-02
2.578524352884276584e+07 1.125702287650324519e-02 2.192590749669520028e-02
2.659188744512690976e+07 1.058173167862083881e-02 2.055770848504574061e-02
2.742376573264952376e+07 9.978035756053190222e-03 1.924446495309623667e-02
2.828166780230029300e+07 9.421888820049248783e-03 1.798491065839010264e-02
2.916640776023706794e+07 8.859363924209504373e-03 1.684866042487312768e-02
3.007882518043095991e+07 8.331933312047599266e-03 1.589815702865534849e-02
3.101978590138100088e+07 7.839285912555494368e-03 1.497946963507889445e-02
3.199018284775060788e+07 7.422677282230165374e-03 1.409156805757393570e-02
3.299093687770942599e+07 6.982849522406051751e-03 1.323414812036712365e-02
3.402299765678064525e+07 6.569967691083764341e-03 1.240684100190546368e-02
3.508734455902715027e+07 6.223221468806027987e-03 1.160921462144015766e-02
3.618498759642742574e+07 5.856119962861863933e-03 1.089641460254922242e-02
3.731696837732755393e+07 5.547351704973542061e-03 1.028670965276781181e-02
3.848436109487425536e+07 5.221295468165493281e-03 9.694796400964173638e-03
3.968827354637166113e+07 4.934105810862748735e-03 9.120692430292717812e-03
4.092984818452434242e+07 4.656265732600112228e-03 8.564373051333019557e-03
4.221026320156902820e+07 4.410820953394743553e-03 8.025771441692029426e-03
4.353073364731883258e+07 4.153218762505172905e-03 7.505442983177813658e-03
4.489251258218607306e+07 3.934571905988711558e-03 7.078539257966753005e-03
4.629689226627258211e+07 3.705625442945423547e-03 6.681524296080690664e-03
4.774520538566131145e+07 3.510690888483940404e-03 6.302345673670265401e-03
4.923882631706731766e+07 3.325995074230857565e-03 5.933307525538930594e-03
5.077917243205403537e+07 3.140044284954319944e-03 5.574116675933110318e-03
5.236770544204644859e+07 2.968667731737009013e-03 5.224824308544237343e-03
5.400593278542374074e+07 2.812742623475528603e-03 4.920402524986729371e-03
5.569540905800124258e+07 2.664927305207632265e-03 4.655499118970528316e-03
5.743773748826587200e+07 2.524945805238437355e-03 4.396248815181265542e-03
5.923457145875805616e+07 2.392277254469667071e-03 4.142776564586410533e-03
6.108761607505039871e+07 2.266665281729213048e-03 3.895192757941759280e-03
6.299862978380693495e+07 2.147638516895271268e-03 3.653592739782735715e-03
6.496942604146124423e+07 2.034864795853232652e-03 3.442491592540972666e-03
6.700187503509590030e+07 1.928116373071657235e-03 3.259373869568993071e-03
6.909790545715644956e+07 1.826990077819934215e-03 3.079598225602645737e-03
7.125950633568410575e+07 1.731276408881167331e-03 2.903279580553381773e-03
7.348872892180387676e+07 1.640611272529429732e-03 2.730524577359887128e-03
7.578768863625930250e+07 1.561904440646835019e-03 2.561431125048291898e-03
7.815856707684090734e+07 1.480120295726207111e-03 2.422276740630609909e-03
8.060361408861345053e+07 1.402667489649722047e-03 2.293765826347848348e-03
8.312514989890632033e+07 1.335251541642637615e-03 2.169367679509991414e-03
8.572556731909324229e+07 1.265426828561791060e-03 2.046968626661255578e-03
8.840733401525062323e+07 1.204443789284159001e-03 1.926573326953836185e-03
9.117299484984922409e+07 1.141523030870265519e-03 1.814545588926554098e-03
9.402517429670132697e+07 1.086480783155312864e-03 1.722998815393415222e-03
9.696657893145520985e+07 1.029796248859411300e-03 1.632482674868002397e-03
1.000000000000000000e+08 9.800522492289455607e-04 1.543071527518086964e-03
