# # t F(afterglowpy) F(our) | flux in mJy, time in days
1.000000000000000000e+04 3.693197728856326134e-02 1.955511546467858866e-02
1.031283160672184749e+04 3.588889648652235365e-02 1.903765672160658354e-02
1.063544957486011117e+04 3.487522782366121038e-02 1.854346423677102548e-02
1.096816005273138035e+04 3.389023206594115462e-02 1.805030473727982712e-02
1.131127876593921428e+04 3.293323573564443246e-02 1.757672496079466448e-02
1.166513131698196230e+04 3.200352394360508890e-02 1.710634979439307549e-02
1.203005349423324151e+04 3.110039930983940146e-02 1.665568192148485227e-02
1.240639159058831865e+04 3.021413947873324152e-02 1.621172045002462411e-02
1.279450273207873397e+04 2.935021552220330038e-02 1.578664188215149478e-02
1.319475521676706012e+04 2.850878652467462443e-02 1.537497599214237946e-02
1.360752886424333155e+04 2.768782023103793719e-02 1.496768871959621404e-02
1.403321537605484627e+04 2.688867255880901530e-02 1.457661605775036583e-02
1.447221870741134444e+04 2.614322552988448262e-02 1.418461415754434900e-02
1.492495545051829140e+04 2.535101791098432963e-02 1.381187015284161650e-02
1.539185522990205391e+04 2.461161612403133317e-02 1.343616338087014195e-02
1.587336111010208697e+04 2.389279935475028399e-02 1.307914003042029948e-02
1.636993001611701948e+04 2.318581921680320374e-02 1.272407784407393432e-02
1.688203316700362848e+04 2.249923706392121386e-02 1.237954942566135350e-02
1.741015652304015384e+04 2.183144123758085087e-02 1.204815314619653299e-02
1.795480124687830539e+04 2.117787180214450449e-02 1.171812673808979473e-02
1.851648417912154036e+04 2.054058628232932268e-02 1.140693875125028782e-02
1.909573832878096800e+04 1.991904303345666538e-02 1.109981158207261516e-02
1.969311337907421694e+04 1.931412311683515168e-02 1.080250182701139941e-02
2.030917620904734940e+04 1.871838656424228489e-02 1.051539407475396426e-02
2.094451143151468932e+04 1.813954149366277246e-02 1.022648591971456709e-02
2.159972194782717270e+04 1.757719662232899022e-02 9.950892306287250147e-03
2.227542951999556317e+04 1.701982534686828641e-02 9.680705957527136959e-03
2.297227536071151189e+04 1.647739151909340463e-02 9.413168801798103141e-03
2.369092074182632132e+04 1.594847233246906443e-02 9.156356100058521408e-03
2.443204762186486914e+04 1.542364385820366342e-02 8.903951231132337454e-03
2.519635929317013506e+04 1.491184512727612883e-02 8.657003902706681894e-03
2.598458104929247202e+04 1.439948363643780635e-02 8.420808268229388466e-03
2.679746087325689587e+04 1.389017843829691394e-02 8.191128895606109017e-03
2.763577014736157435e+04 1.339881385057239103e-02 7.965774150016789040e-03
2.850030438518105075e+04 1.292475976591996208e-02 7.749163168452966738e-03
2.939188398646884161e+04 1.246740396697936480e-02 7.539003660037954697e-03
3.031135501567576284e+04 1.202615768975130554e-02 7.330320881408564603e-03
3.125959000482277770e+04 1.160046364484475581e-02 7.126840447345616884e-03
3.223748878149026859e+04 1.118976952926234447e-02 6.929641145510493684e-03
3.324597932270938327e+04 1.079355030874874777e-02 6.738107527832127956e-03
3.428601863556582975e+04 1.041130001031724192e-02 6.549408570086276415e-03
3.535859366535175650e+04 1.004252459316957655e-02 6.365474998474023385e-03
3.646472223212745303e+04 9.686748896255250804e-03 6.187217672549718238e-03
3.760545399658168026e+04 9.343522556588684802e-03 6.014206594337647913e-03
3.878187145610719745e+04 9.012397948950820817e-03 5.846351960349551249e-03
3.999509097203669808e+04 8.692950837332475561e-03 5.684772571301524580e-03
4.124626382901347824e+04 8.384769148702791650e-03 5.527442881681424516e-03
4.253657732750391733e+04 8.087459029647088571e-03 5.373318253154159285e-03
4.386725591048494243e+04 7.800635512980137742e-03 5.223223059120448049e-03
4.523956232538058248e+04 7.523931684569506312e-03 5.076661963121759970e-03
4.665479882234468096e+04 7.256990387233827958e-03 4.933306236707953735e-03
4.811430839003264555e+04 6.999468975224485377e-03 4.793667364083669183e-03
4.961947603002897813e+04 6.750332524528584142e-03 4.657590964671156838e-03
5.117173007114609936e+04 6.510688717734885132e-03 4.524902349049580823e-03
5.277254352483532421e+04 6.279558997135710127e-03 4.396097972109875955e-03
5.442343548300272232e+04 6.056622273417592607e-03 4.271192664027408624e-03
5.612597255954965658e+04 5.841973489004017271e-03 4.150112091106237210e-03
5.788177037701279914e+04 5.634413387469719078e-03 4.033369669805011992e-03
5.969249509970739746e+04 5.434183292463044650e-03 3.919750890329938738e-03
6.155986501483514439e+04 5.241028968808334777e-03 3.808838798474864073e-03
6.348565216305223294e+04 5.054698685228808420e-03 3.700567800616522390e-03
6.547168402004743257e+04 4.874951607294115800e-03 3.594942388360836821e-03
6.751984523072508455e+04 4.701557741731711947e-03 3.491938050463680096e-03
6.963207939763889590e+04 4.534290724354054017e-03 3.391408122569387201e-03
7.181039092537356191e+04 4.372935052085748578e-03 3.293532780518289380e-03
7.405684692262441968e+04 4.217281348597700860e-03 3.198191312562986745e-03
7.637357916378027585e+04 4.067127263829573014e-03 3.105600387602403759e-03
7.876278611187063507e+04 3.922278615101418113e-03 3.015652644815536645e-03
8.122673500479719951e+04 3.782546691430713377e-03 2.928480907697192815e-03
8.376776400682923850e+04 3.647750435328486317e-03 2.844436976107309230e-03
8.638828442740453465e+04 3.517713229256779362e-03 2.762641699574582867e-03
8.909078300934142317e+04 3.392266486604364993e-03 2.682899490331011345e-03
9.187782428863340465e+04 3.271245555780552105e-03 2.605093036830615980e-03
9.475205302806547843e+04 3.154492134006901122e-03 2.529255267527672109e-03
9.771619672696181806e+04 3.041775282405381666e-03 2.455224068365652757e-03
1.007730682094461808e+05 2.933129269722799248e-03 2.383123740713399049e-03
1.039255682936713129e+05 2.828305208100190867e-03 2.312786772410802688e-03
1.071766885445503431e+05 2.727162104228294821e-03 2.244366852633150524e-03
1.105295141126022063e+05 2.629563809276678349e-03 2.177710397300354744e-03
1.139872266616052511e+05 2.535378256407934839e-03 2.112750878473337521e-03
1.175531073878369934e+05 2.444431914890100258e-03 2.049901240806273599e-03
1.212305401337652875e+05 2.356691678754642937e-03 1.989210823684999050e-03
1.250230145991455938e+05 2.272000156408143963e-03 1.930322408011713115e-03
1.289341296525715734e+05 2.190242225315775816e-03 1.872543985829028604e-03
1.329675967466212751e+05 2.111303922473523054e-03 1.816005379862879960e-03
1.371272434398400947e+05 2.035075224672502729e-03 1.760952674417940204e-03
1.414170170289023954e+05 1.961449484068312869e-03 1.707145782261660152e-03
1.458409882943986449e+05 1.890345895142381966e-03 1.654349129098856008e-03
1.504033553638025187e+05 1.821606371676425667e-03 1.602775189605197504e-03
1.551084476952840632e+05 1.755162187784078433e-03 1.552458724197721806e-03
1.599607301861487795e+05 1.690917332722166339e-03 1.503259277677512990e-03
1.649648074098020734e+05 1.628775114564164203e-03 1.455213653117376710e-03
1.701254279852589243e+05 1.568642038689587858e-03 1.408403560106536801e-03
1.754474890833459795e+05 1.510426930395428928e-03 1.362832276130469637e-03
1.809360410738716600e+05 1.454040629946541522e-03 1.318242969190514587e-03
1.865962923181745864e+05 1.399396553850697092e-03 1.274591573554463304e-03
1.924336141115979990e+05 1.346409335864538238e-03 1.231512800914478113e-03
1.984535457805803162e+05 1.294998413478920269e-03 1.189237690055293612e-03
2.046617999391989724e+05 1.245084525068899202e-03 1.147506334880598255e-03
2.110642679101554677e+05 1.196592447481962954e-03 1.106572442169675551e-03
2.176670253153459053e+05 1.149450630815825134e-03 1.066249791743500422e-03
2.244763378413223836e+05 1.103591578625258722e-03 1.026585107576593681e-03
2.314986671851160936e+05 1.058952409021442958e-03 9.876583293099267490e-04
2.387406771860647132e+05 1.015475888332153988e-03 9.493815230843191417e-04
2.462092401494625374e+05 9.731095626293469712e-04 9.118732517338282292e-04
2.539114433680346992e+05 9.318078130947466883e-04 8.752574904810233626e-04
2.618545958474232757e+05 8.915315218933505701e-04 8.393544250043401527e-04
2.700462352420681855e+05 8.522482190111619650e-04 8.040785418799916784e-04
2.784941350080644479e+05 8.139329681588906894e-04 7.694230960179659125e-04
2.872063117797828163e+05 7.765673926165774128e-04 7.353806609148101810e-04
2.961910329772553523e+05 7.401403147109695494e-04 7.020496364291347073e-04
3.054568246515431674e+05 7.045719073968863353e-04 6.694224102060372444e-04
3.150124795755327796e+05 6.700913499269370820e-04 6.375527311784254204e-04
3.248670655878374819e+05 6.364782682664487691e-04 6.065714182082946855e-04
3.350299341977229924e+05 6.038203125299908486e-04 5.764819632102606822e-04
3.455107294592218241e+05 5.721331070725676690e-04 5.472646955458875927e-04
3.563193971228583832e+05 5.414343506959124483e-04 5.190310219966615297e-04
3.674661940736687975e+05 5.117432090968425384e-04 4.919184727916020268e-04
3.789616980644715950e+05 4.830786599883944601e-04 4.658401979844495528e-04
3.908168177536264411e+05 4.554588915156251058e-04 4.406968079597813515e-04
4.030428030568050453e+05 4.288996583159673326e-04 4.164678598434453142e-04
4.156512558225988178e+05 4.034137886995612082e-04 3.931718871683356959e-04
4.286541408420925145e+05 3.790101771686100692e-04 3.708562969526483719e-04
4.420637972028530203e+05 3.556931301887297759e-04 3.494793883486726972e-04
4.558929499981059344e+05 3.334623165492909300e-04 3.290884995270328605e-04
4.701547224022129667e+05 3.123120664198172653e-04 3.096366543069340067e-04
4.848626481239077984e+05 2.922317776453008564e-04 2.911618820077746636e-04
5.000306842491090065e+05 2.732059825968810823e-04 2.736294204891117428e-04
5.156732244854963501e+05 2.552142220127230654e-04 2.570573334828552513e-04
5.318051128214197233e+05 2.382320623097324388e-04 2.414369300122745589e-04
5.484416576121015241e+05 2.222311387255188455e-04 2.267347629608329950e-04
5.655986461065001786e+05 2.071798058744810686e-04 2.128087167764256883e-04
5.832923594286199659e+05 1.930456676527403370e-04 1.996557398608483122e-04
6.015395880274833180e+05 1.797883566772849097e-04 1.872033033443671929e-04
6.203576476104268804e+05 1.673718525446126859e-04 1.754681429589690657e-04
6.397643955748423468e+05 1.557572041182611860e-04 1.643800315154500481e-04
6.597782479539533379e+05 1.449047914175877487e-04 1.539706589564824159e-04
6.804181968927093549e+05 1.347749210586388579e-04 1.441680550380326092e-04
7.017038286703822669e+05 1.253280215590834472e-04 1.349760688443913726e-04
7.236553422869649949e+05 1.165253035260247351e-04 1.263474993298738507e-04
7.462935686310129240e+05 1.083287413329565938e-04 1.182614844344700620e-04
7.696399902471150272e+05 1.007013968326670247e-04 1.107308703716977611e-04
7.937167617217558436e+05 9.360768901600458405e-05 1.036908280199668874e-04
8.185467307069021044e+05 8.701338167708724922e-05 9.708721754178557080e-05
8.441534596012993716e+05 8.088576600262696527e-05 9.088171979148163947e-05
8.705612479099855991e+05 7.519372532047610799e-05 8.504808492140027772e-05
8.977951553033331875e+05 6.990776874918786269e-05 7.958538177332277145e-05
9.258810253973945510e+05 6.499992800881876235e-05 7.445631664326734492e-05
9.548455102782303002e+05 6.044392227800658024e-05 6.965641946990755137e-05
9.847160957933764439e+05 5.621503067435159803e-05 6.517106797381013697e-05
1.015521127634569188e+06 5.229003861092161847e-05 6.097043525455719614e-05
1.047289838236357435e+06 4.864723456324576998e-05 5.705611737169340273e-05
1.080052374516254058e+06 4.526634768167614345e-05 5.340954352829293313e-05
1.113839826482618228e+06 4.212841208745163291e-05 5.000672158998109497e-05
1.148684256737554679e+06 3.921577988842148501e-05 4.682281368409461030e-05
1.184618730902682291e+06 3.651208172000371463e-05 4.383995241634081275e-05
1.221677348996793153e+06 3.400202003976104666e-05 4.103815970917386687e-05
1.259895277795025846e+06 3.167142934587996363e-05 3.841494282383185288e-05
1.299308784200417111e+06 2.950717490571370242e-05 3.595712295660362010e-05
1.339955269659337122e+06 2.749701691247820754e-05 3.365096951848922500e-05
1.381873305653633550e+06 2.562972009648198341e-05 3.149719059175063384e-05
1.425102670302996412e+06 2.389473336268399075e-05 2.949077796900872678e-05
1.469684386112447362e+06 2.228239352312503711e-05 2.761685556700207278e-05
1.515660758900601184e+06 2.078372450232619906e-05 2.586754064676636105e-05
1.563075417945817346e+06 1.939039127616489614e-05 2.424187209694337399e-05
1.611973357388155535e+06 1.809471173998614463e-05 2.271874606079133340e-05
1.662400978926613461e+06 1.688957422377665915e-05 2.128782277762042332e-05
1.714406135851968545e+06 1.576838683964226092e-05 1.994736056770063644e-05
1.768038178457208676e+06 1.472506834761898236e-05 1.869090304853948979e-05
1.823348000868438510e+06 1.375395327255192312e-05 1.751072414333950682e-05
1.880388089340916602e+06 1.284985100400583704e-05 1.640285945743178426e-05
1.939212572065826971e+06 1.200793286688367247e-05 1.536800762848577361e-05
1.999877270535286982e+06 1.122372939198167074e-05 1.440190256810500510e-05
2.062439752514088526e+06 1.049309869986344167e-05 1.349856646697421742e-05
2.126959386668691877e+06 9.812229939689151215e-06 1.265721136972213261e-05
2.193497398905055597e+06 9.177572202667752261e-06 1.187500044185552702e-05
2.262116930469026323e+06 8.585835403560705125e-06 1.114162052483109400e-05
2.332883097864153329e+06 8.034012818760595973e-06 1.045170379942187761e-05
2.405863054644066840e+06 7.519287005982105403e-06 9.804604198532278352e-06
2.481126055137765128e+06 7.039038189167649215e-06 9.197687606294397504e-06
2.558743520168588962e+06 6.590853524316373838e-06 8.627708083695912307e-06
2.638789104828934651e+06 6.172495325328851719e-06 8.091994782707203593e-06
2.721338768375308719e+06 5.781890682664475688e-06 7.589737668744941969e-06
2.806470846309838817e+06 5.417108786506950578e-06 7.118993666044284200e-06
2.894266124716751743e+06 5.076381975494310378e-06 6.679264150376797016e-06
2.984807916924327612e+06 4.758036300027204137e-06 6.268981144455457058e-06
3.078182142565079965e+06 4.460535593581371809e-06 5.887814732594908778e-06
3.174477409109193366e+06 4.182468808199169329e-06 5.531085936668464942e-06
3.273785095948576927e+06 3.922496355681009981e-06 5.195710174255133872e-06
3.376199441111340187e+06 3.679391669376539643e-06 4.880100473691234365e-06
3.481817630688966252e+06 3.452020645353391437e-06 4.583715068305865155e-06
3.590739891061055008e+06 3.239311655766283266e-06 4.305435305819088438e-06
3.703069584005141165e+06 3.040275898188985286e-06 4.043990253424679299e-06
3.818913304781854153e+06 2.854003045954763303e-06 3.798067142254525914e-06
3.938380983288488816e+06 2.679638834263435913e-06 3.566987007443372503e-06
4.061585988376979716e+06 2.516386234089045602e-06 3.349920566116184714e-06
4.188645235435271170e+06 2.363505538322514445e-06 3.146790617826450302e-06
4.319679297334173694e+06 2.220313063712232949e-06 2.957832270085928778e-06
4.454812518844988197e+06 2.086168712690710938e-06 2.782027495998199638e-06
4.594173134636476636e+06 1.960476223263172237e-06 2.616938090637691494e-06
4.737893390963143669e+06 1.842681742543525584e-06 2.461588283099328404e-06
4.886109671160326339e+06 1.732265358894079734e-06 2.315391397242912871e-06
5.038962625065150671e+06 1.628747038412017920e-06 2.177974630824134074e-06
5.196597302486197092e+06 1.531678318202806582e-06 2.048724587509399587e-06
5.359163290848514996e+06 1.440641943291432719e-06 1.927122297008074376e-06
5.526814857144603506e+06 1.355246353150534346e-06 1.812671477997713758e-06
5.699711094326075166e+06 1.275127359500623271e-06 1.704951005653787697e-06
5.878016072274912149e+06 1.199945975520569885e-06 1.603677226171656276e-06
6.061898993497571908e+06 1.129386287424416930e-06 1.508446904707704422e-06
6.251534353689711541e+06 1.063152340661699762e-06 1.419426897108644012e-06
6.447102107323869132e+06 1.000967332199224802e-06 1.336844334092588057e-06
6.648787838417262770e+06 9.425745700416981184e-07 1.259347018510057664e-06
6.856782936641737819e+06 8.877342655240167031e-07 1.186410613444629452e-06
7.071284778942996636e+06 8.362207138922796459e-07 1.117809494867289786e-06
7.292496916841444559e+06 7.878236622626271899e-07 1.053273832515156212e-06
7.520629269592407160e+06 7.423473185071091879e-07 9.924750833017020796e-07
7.755898323389001191e+06 6.996087898808622292e-07 9.349210116259988771e-07
7.998527336796708405e+06 6.594363506411792997e-07 8.808235878402344595e-07
8.248746552614580840e+06 6.216696298253188986e-07 8.300138031943238472e-07
8.506793416364153847e+06 5.861591400327884399e-07 7.822859805175602933e-07
8.772912801613356918e+06 5.527647568341040235e-07 7.371630938866992500e-07
9.047357242349293083e+06 5.213557805105076004e-07 6.943785210708563010e-07
9.330387172620359808e+06 4.918089520624997733e-07 6.542950012699175311e-07
9.622271173675134778e+06 4.640093968742768255e-07 6.173316704388681047e-07
9.923286228832544759e+06 4.378497912294479403e-07 5.828854851245296527e-07
1.023371798632519133e+07 4.132295067435999639e-07 5.500768688944664553e-07
1.055386103036523052e+07 3.900544417742678324e-07 5.189426109210075158e-07
1.088401916069005430e+07 3.682362895591793935e-07 4.898060406853849131e-07
1.122450568085305952e+07 3.476924935888241672e-07 4.625635557821503417e-07
1.157564369553303532e+07 3.283457288699753774e-07 4.368647537963748634e-07
1.193776641714435816e+07 3.101236011691474636e-07 4.122720916451163730e-07
1.231121748203892075e+07 2.929579138559838593e-07 3.889850022400029932e-07
1.269635127659972757e+07 2.767849180016660280e-07 3.672843997909784376e-07
1.309353327353612147e+07 2.615448948889172075e-07 3.470529850859277365e-07
1.350314037869872153e+07 2.471818593111970866e-07 3.277873323679305806e-07
1.392556128874464706e+07 2.336433812140422897e-07 3.093133922700383165e-07
1.436119685999077372e+07 2.208802094408898013e-07 2.919081987514384493e-07
1.481046048880676925e+07 2.088462027177839857e-07 2.759784817738046287e-07
1.527377850390712358e+07 1.974978777266217245e-07 2.612531002482293139e-07
1.575159057091624476e+07 1.867946124548770428e-07 2.470981590133106740e-07
1.624435010958865471e+07 1.766982059781065984e-07 2.334911023455214240e-07
1.675252472408217192e+07 1.671728561527543895e-07 2.207675643614477938e-07
1.727659664669034630e+07 1.581850314896318321e-07 2.090404864010595528e-07
1.781706319545732439e+07 1.497031052436516057e-07 1.979241980517818732e-07
1.837443724610724673e+07 1.416973537013226983e-07 1.872007885713760886e-07
1.894924771873823553e+07 1.341399054159789738e-07 1.769076409497672732e-07
1.954204007974051312e+07 1.270046536246872518e-07 1.673965251670084249e-07
2.015337685941735283e+07 1.202670748438313261e-07 1.586280090917035081e-07
2.078383818579755351e+07 1.139039752727919245e-07 1.501949029994367179e-07
2.143402233514858782e+07 1.078937447000252021e-07 1.420449758899493416e-07
2.210454629971019179e+07 1.022159695302255390e-07 1.342770118237815409e-07
2.279604637318982184e+07 9.685146170050883662e-08 1.272040002870315720e-07
2.350917875457284227e+07 9.178214263113391693e-08 1.205910435280195024e-07
2.424462017082330585e+07 8.699112970536667953e-08 1.143141989032798168e-07
2.500306851906321198e+07 8.246251354823326952e-08 1.082316198562050504e-07
2.578524352884276584e+07 7.818123735761419006e-08 1.025322860741434406e-07
2.659188744512690976e+07 7.413321668805485096e-08 9.737452115092466763e-08
2.742376573264952376e+07 7.030523015518247808e-08 9.241672561700080309e-08
2.828166780230029300e+07 6.668473047981568763e-08 8.759820399139818204e-08
2.916640776023706794e+07 6.326001637848706773e-08 8.293627013427993032e-08
3.007882518043095991e+07 6.002003478680597486e-08 7.870092127696736181e-08
3.101978590138100088e+07 5.695433228910135945e-08 7.478277836434700436e-08
3.199018284775060788e+07 5.405317232903854070e-08 7.096532092190939912e-08
3.299093687770942599e+07 5.130728608259328532e-08 6.724897284410928056e-08
3.402299765678064525e+07 4.870801174526114653e-08 6.371758077910888585e-08
3.508734455902715027e+07 4.624714775543517591e-08 6.057182364347986684e-08
3.618498759642742574e+07 4.391701216329788640e-08 5.754589903779794744e-08
3.731696837732755393e+07 4.171030741198976095e-08 5.459299953250366121e-08
3.848436109487425536e+07 3.962023827641805510e-08 5.171643283574907549e-08
3.968827354637166113e+07 3.764031353867572015e-08 4.911169181615538760e-08
4.092984818452434242e+07 3.576449274080324968e-08 4.675589987279292928e-08
4.221026320156902820e+07 3.398702454320535870e-08 4.445579885623857376e-08
4.353073364731883258e+07 3.230252206945721913e-08 4.220520387610556804e-08
4.489251258218607306e+07 3.070589361943269899e-08 4.005456078508515530e-08
4.629689226627258211e+07 2.919233404876750987e-08 3.812814343463147648e-08
4.774520538566131145e+07 2.775732250625299597e-08 3.623894573541902879e-08
4.923882631706731766e+07 2.639658395531840766e-08 3.437105948623351891e-08
5.077917243205403537e+07 2.510609319084213774e-08 3.252873014453214969e-08
5.236770544204644859e+07 2.388204782842887786e-08 3.087070956615424991e-08
5.400593278542374074e+07 2.272086204839813361e-08 2.929425044095746873e-08
5.569540905800124258e+07 2.161915154157853480e-08 2.772950973280177608e-08
5.743773748826587200e+07 2.057372173929124297e-08 2.617725768936557530e-08
5.923457145875805616e+07 1.958155671754509526e-08 2.471535251571011677e-08
6.108761607505039871e+07 1.863980976017933579e-08 2.340220216404688086e-08
6.299862978380693495e+07 1.774579192826647584e-08 2.210182171108661181e-08
6.496942604146124423e+07 1.689696584109168722e-08 2.081482564333032323e-08
6.700187503509590030e+07 1.609093281234101862e-08 1.956295146509274055e-08
6.909790545715644956e+07 1.532542711465783111e-08 1.847568889652063803e-08
7.125950633568410575e+07 1.459830931562956982e-08 1.741977119068559856e-08
7.348872892180387676e+07 1.390755793624432066e-08 1.638556110352530415e-08
7.578768863625930250e+07 1.325126235245886295e-08 1.540966285452866123e-08
7.815856707684090734e+07 1.262761684383796942e-08 1.457116124290072689e-08
8.060361408861345053e+07 1.203491374312360757e-08 1.377841874622135261e-08
8.312514989890632033e+07 1.147153964671974059e-08 1.299774086013366157e-08
8.572556731909324229e+07 1.093596943052611579e-08 1.222974931913130004e-08
8.840733401525062323e+07 1.042675954955142652e-08 1.154760265472307736e-08
9.117299484984922409e+07 9.942545682037929370e-09 1.092584948707114357e-08
9.402517429670132697e+07 9.482038867879624859e-09 1.031257741926014159e-08
9.696657893145520985e+07 9.044017315708262743e-09 9.708312248764409965e-09
1.000000000000000000e+08 8.627323421002705316e-09 9.156344918881241364e-09
